2.200000000000000000e+02
1.330000000000000000e+02
2.100000000000000000e+02
3.570000000000000000e+02
2.520000000000000000e+02
1.200000000000000000e+02
4.200000000000000000e+02
1.770000000000000000e+02
8.700000000000000000e+01
3.480000000000000000e+02
1.500000000000000000e+02
7.200000000000000000e+01
1.110000000000000000e+02
4.080000000000000000e+02
3.300000000000000000e+02
2.800000000000000000e+01
2.900000000000000000e+01
2.150000000000000000e+02
1.340000000000000000e+02
3.100000000000000000e+01
1.740000000000000000e+02
0.000000000000000000e+00
2.280000000000000000e+02
2.340000000000000000e+02
1.140000000000000000e+02
1.680000000000000000e+02
8.400000000000000000e+01
1.470000000000000000e+02
3.030000000000000000e+02
1.960000000000000000e+02
6.000000000000000000e+01
6.670000000000000000e+02
1.000000000000000000e+02
2.130000000000000000e+02
1.920000000000000000e+02
2.520000000000000000e+02
1.140000000000000000e+02
1.800000000000000000e+02
2.000000000000000000e+00
6.600000000000000000e+01
1.020000000000000000e+02
1.350000000000000000e+02
1.800000000000000000e+02
4.800000000000000000e+02
2.040000000000000000e+02
1.690000000000000000e+02
1.020000000000000000e+02
7.800000000000000000e+01
6.000000000000000000e+01
3.180000000000000000e+02
8.400000000000000000e+01
5.600000000000000000e+01
1.020000000000000000e+02
3.120000000000000000e+02
