1.95863611051e+21
5.07539533122e+21
4.32240314492e+21
1.69108923919e+21
3.06067342484e+21
1.78578901841e+21
3.39809005592e+20
1.64135129488e+21
4.01271526973e+21
1.82906830752e+21
7.73404254493e+20
1.21954178662e+21
2.94637108958e+21
1.60949179896e+21
8.12225287877e+20
3.3189862658e+21
1.07771340416e+21
2.27259961099e+21
2.83577202029e+21
1.44020223501e+21
2.59411997413e+21
1.08853241483e+21
4.57293967578e+21
3.9676171261e+21
2.07522002679e+21
2.51948189333e+21
8.9406884905e+21
3.59328090381e+20
1.58368973609e+21
1.18250363816e+21
6.80527795629e+20
2.75726857577e+21
4.01673705446e+20
1.2983226984e+21
2.22791341267e+21
1.67240214118e+21
2.58514719742e+21
1.76190824142e+21
2.57638380898e+21
7.80322333054e+20
3.09280023003e+21
1.12902409504e+22
2.65723025418e+21
4.91226540622e+21
2.04418703644e+21
5.05625121961e+21
6.29376489697e+21
8.42593317951e+21
6.15002184546e+21
6.8438669951e+21
1.12329722032e+22
1.08870219116e+22
3.69400909168e+21
2.59199729918e+21
