1.000000000000000000e+00
1.090909090909090828e+00
1.181818181818181879e+00
1.272727272727272707e+00
1.363636363636363757e+00
1.454545454545454586e+00
1.545454545454545414e+00
1.636363636363636243e+00
1.727272727272727293e+00
1.818181818181818343e+00
1.909090909090909172e+00
2.000000000000000000e+00
2.090909090909090828e+00
2.181818181818181657e+00
2.272727272727272485e+00
2.363636363636363757e+00
2.454545454545454586e+00
2.545454545454545414e+00
2.636363636363636687e+00
2.727272727272727515e+00
2.818181818181818343e+00
2.909090909090909172e+00
3.000000000000000000e+00
3.090909090909090828e+00
3.181818181818181657e+00
3.272727272727272929e+00
3.363636363636363757e+00
3.454545454545454586e+00
3.545454545454545414e+00
3.636363636363636243e+00
3.727272727272727515e+00
3.818181818181818343e+00
3.909090909090909172e+00
4.000000000000000000e+00
4.090909090909090828e+00
4.181818181818181657e+00
4.272727272727273373e+00
4.363636363636363313e+00
4.454545454545455030e+00
4.545454545454544970e+00
4.636363636363636687e+00
4.727272727272727515e+00
4.818181818181818343e+00
4.909090909090909172e+00
5.000000000000000000e+00
5.090909090909090828e+00
5.181818181818181657e+00
5.272727272727272485e+00
5.363636363636363313e+00
5.454545454545455030e+00
5.545454545454545858e+00
5.636363636363636687e+00
5.727272727272727515e+00
5.818181818181818343e+00
5.909090909090909172e+00
6.000000000000000000e+00
6.090909090909090828e+00
6.181818181818181657e+00
6.272727272727272485e+00
6.363636363636364202e+00
6.454545454545455030e+00
6.545454545454545858e+00
6.636363636363636687e+00
6.727272727272727515e+00
6.818181818181818343e+00
6.909090909090909172e+00
7.000000000000000000e+00
7.090909090909090828e+00
7.181818181818181657e+00
7.272727272727272485e+00
7.363636363636364202e+00
7.454545454545455030e+00
7.545454545454545858e+00
7.636363636363636687e+00
7.727272727272727515e+00
7.818181818181818343e+00
7.909090909090909172e+00
8.000000000000000000e+00
8.090909090909089940e+00
8.181818181818181657e+00
8.272727272727273373e+00
8.363636363636363313e+00
8.454545454545455030e+00
8.545454545454546746e+00
8.636363636363636687e+00
8.727272727272726627e+00
8.818181818181818343e+00
8.909090909090910060e+00
9.000000000000000000e+00
9.090909090909091717e+00
9.181818181818181657e+00
9.272727272727273373e+00
9.363636363636363313e+00
9.454545454545455030e+00
9.545454545454544970e+00
9.636363636363636687e+00
9.727272727272726627e+00
9.818181818181818343e+00
9.909090909090910060e+00
1.000000000000000000e+01
