2.979492392790533681e-05
2.961936963780682555e-05
2.944484972889509412e-05
2.927135810650598115e-05
2.909888871188557507e-05
2.892743552197877432e-05
2.875699254921875567e-05
2.858755384131799084e-05
2.841911348106035070e-05
2.825166558609448013e-05
2.808520430872832129e-05
2.791972383572493131e-05
2.775521838809945525e-05
2.759168222091738657e-05
2.742910962309378641e-05
2.726749491719395648e-05
2.710683245923516211e-05
2.694711663848953115e-05
2.678834187728797595e-05
2.663050263082564350e-05
2.647359338696811423e-05
2.631760866605890195e-05
2.616254302072819381e-05
2.600839103570255249e-05
2.585514732761571953e-05
2.570280654482082132e-05
2.555136336720329008e-05
2.540081250599511285e-05
2.525114870359022241e-05
2.510236673336078937e-05
2.495446139947471702e-05
2.480742753671419680e-05
2.466126001029542571e-05
2.451595371568909297e-05
2.437150357844223886e-05
2.422790455400105874e-05
2.408515162753465926e-05
2.394323981376004441e-05
2.380216415676781984e-05
2.366191972984931345e-05
2.352250163532447862e-05
2.338390500437077660e-05
2.324612499685316008e-05
2.310915680115519514e-05
2.297299563401082354e-05
2.283763674033741596e-05
2.270307539306973998e-05
2.256930689299480554e-05
2.243632656858778458e-05
2.230412977584896730e-05
2.217271189814139275e-05
2.204206834602980412e-05
2.191219455712022752e-05
2.178308599590073652e-05
2.165473815358311122e-05
2.152714654794519864e-05
2.140030672317454706e-05
2.127421424971269424e-05
2.114886472410059745e-05
2.102425376882471070e-05
2.090037703216422396e-05
2.077723018803900388e-05
4.130961787171717617e-05
4.106621800074393804e-05
4.082425226303659175e-05
4.058371220855684045e-05
4.034458943705471288e-05
4.010687559777542898e-05
3.987056238916735651e-05
3.963564155859251544e-05
3.940210490203808542e-05
3.916994426382999333e-05
3.893915153634818833e-05
3.870971865974338043e-05
3.848163762165556808e-05
3.825490045693438176e-05
3.802949924736068801e-05
3.780542612137032107e-05
3.758267325377891925e-05
3.736123286550890242e-05
3.714109722331767612e-05
3.692225863952748225e-05
3.670470947175720131e-05
3.648844212265514402e-05
3.627344903963393002e-05
3.605972271460670145e-05
3.584725568372492223e-05
3.563604052711761389e-05
3.542606986863238030e-05
3.521733637557780802e-05
3.500983275846722192e-05
3.480355177076436521e-05
3.459848620863012979e-05
3.439462891067108239e-05
3.419197275768929840e-05
3.399051067243387636e-05
3.379023561935356362e-05
3.359114060435135397e-05
3.339321867453992555e-05
3.319646291799906412e-05
3.300086646353414348e-05
3.280642248043625254e-05
3.261312417824356916e-05
3.242096480650429941e-05
3.222993765454089740e-05
3.204003605121570148e-05
3.185125336469795272e-05
3.166358300223229744e-05
3.147701840990839423e-05
3.129155307243214053e-05
3.110718051289807146e-05
3.092389429256331727e-05
3.074168801062253647e-05
3.056055530398456342e-05
3.038048984705007916e-05
3.020148535149074921e-05
3.002353556602963539e-05
2.984663427622285783e-05
2.967077530424259188e-05
2.949595250866132208e-05
2.932215978423729886e-05
2.914939106170146571e-05
2.897764030754540956e-05
2.880690152381064269e-05
4.295575312181877181e-05
4.270265407839801648e-05
4.245104631661305162e-05
4.220092104970231639e-05
4.195226954267687554e-05
4.170508311201480997e-05
4.145935312535856847e-05
4.121507100121296998e-05
4.097222820864590955e-05
4.073081626699008757e-05
4.049082674554727333e-05
4.025225126329344939e-05
4.001508148858642266e-05
3.977930913887480413e-05
3.954492598040857440e-05
3.931192382795179716e-05
3.908029454449662022e-05
3.885003004097918068e-05
3.862112227599704149e-05
3.839356325552848473e-05
3.816734503265316694e-05
3.794245970727478019e-05
3.771889942584500066e-05
3.749665638108934135e-05
3.727572281173446845e-05
3.705609100223709656e-05
3.683775328251462551e-05
3.662070202767729490e-05
3.640492965776176182e-05
3.619042863746655547e-05
3.597719147588881257e-05
3.576521072626282199e-05
3.555447898569972815e-05
3.534498889492926051e-05
3.513673313804251336e-05
3.492970444223665691e-05
3.472389557756077992e-05
3.451929935666344680e-05
3.431590863454176581e-05
3.411371630829190734e-05
3.391271531686076740e-05
4.495053152106641973e-05
4.468567906935935454e-05
4.442238715139465866e-05
4.416064657237141916e-05
4.390044819166528917e-05
4.364178292250932599e-05
4.338464173167651624e-05
4.312901563916456452e-05
4.287489571788195581e-05
4.262227309333651166e-05
4.237113894332526093e-05
4.212148449762643149e-05
4.187330103769316991e-05
4.162657989634909746e-05
4.138131245748554669e-05
4.113749015576073593e-05
4.089510447630057021e-05
4.065414695440147495e-05
4.041460917523450366e-05
4.017648277355164111e-05
3.993975943339369894e-05
3.970443088779983080e-05
3.947048891851882287e-05
3.923792535572209874e-05
3.900673207771845229e-05
3.877690101067042717e-05
3.854842412831222773e-05
3.832129345166953406e-05
3.809550104878100434e-05
3.787103903442084785e-05
4.705987446227984078e-05
4.678259357801443192e-05
4.650694645689992525e-05
4.623292347266118161e-05
4.596051505574225149e-05
4.568971169297164110e-05
4.542050392723030261e-05
4.515288235712139293e-05
4.488683763664199082e-05
4.462236047485648781e-05
4.435944163557239815e-05
4.409807193701763929e-05
4.383824225151997393e-05
4.357994350518811909e-05
4.332316667759498964e-05
4.306790280146267658e-05
4.281414296234928882e-05
4.256187829833746864e-05
4.231109999972515695e-05
4.206179930871784244e-05
4.181396751912257268e-05
4.156759597604419451e-05
4.132267607558288877e-05
4.107919926453371752e-05
4.900458844810563904e-05
4.871584913944380799e-05
4.842881110796856198e-05
4.814346432960641081e-05
4.785979883934645524e-05
4.757780473089267658e-05
4.729747215631766965e-05
4.701879132571890323e-05
4.674175250687683046e-05
4.646634602491501857e-05
4.614858331444615598e-05
4.567379014155389201e-05
4.520388181107354991e-05
4.473880806599484536e-05
4.427851916636952738e-05
4.382296588399197084e-05
5.060078274665597448e-05
5.008018374955533405e-05
4.956494086161092620e-05
4.905499897725112876e-05
4.855030355785035256e-05
4.805080062589582373e-05
4.755643675921473567e-05
4.706715908526091016e-05
4.658291527545969370e-05
4.610365353961168539e-05
5.214779728040409840e-05
5.161128204305872583e-05
5.108028666685628089e-05
5.055475436148627226e-05
5.003462892091679903e-05
4.951985471738428948e-05
4.901037669544309469e-05
4.850614036607799284e-05
4.800709180087630446e-05
5.345232482954245091e-05
5.290238814499979321e-05
5.235810940626151191e-05
5.181943040235248400e-05
5.128629352119278749e-05
5.075864174343629567e-05
5.023641863637240575e-05
5.524396483098935361e-05
5.467559511167342865e-05
5.411307298383349678e-05
5.355633828535135083e-05
5.300533147307864515e-05
5.245999361646812265e-05
5.192026639127133734e-05
5.652470128063028973e-05
5.594315488547983115e-05
5.536759164817098728e-05
5.479795001183050516e-05
5.423416905290412454e-05
5.367618847464128169e-05
5.795339847343182130e-05
5.735715312926589976e-05
5.676704217099980625e-05
5.618300248587168436e-05
5.560497161044654954e-05
5.503288772393543526e-05
5.900558044504940127e-05
5.839850987547279466e-05
5.779768506559658574e-05
5.720304175680554064e-05
5.661451635159986824e-05
5.603204590679375559e-05
5.972138105961294065e-05
5.910694607664509831e-05
5.849883262110333821e-05
5.789697565484694126e-05
5.730131080887044745e-05
6.076261540330735270e-05
6.013746782805041156e-05
5.951875199521035272e-05
5.890640173271488540e-05
6.218704165258012707e-05
6.154723906930620683e-05
6.091401900442660624e-05
6.028731373463172615e-05
6.339624724795952019e-05
6.274400392392883016e-05
6.209847111309431021e-05
6.145957977528983881e-05
6.440533579128662636e-05
6.374271060248776872e-05
6.308690273923231039e-05
6.243784206243083645e-05
6.522854021875448848e-05
6.455744560762479984e-05
6.389325545849260926e-05
6.323589873577686708e-05
6.587926856288067170e-05
6.520147902521134442e-05
6.453066282934428848e-05
6.706008564259067378e-05
6.637014743539312097e-05
6.568730755986617546e-05
6.501149298582844767e-05
6.740656626467128696e-05
6.671306334059441678e-05
6.602669542327352652e-05
6.831772497361900966e-05
6.761484772202523339e-05
6.691920192363036435e-05
6.911030940380976349e-05
6.839927775939672093e-05
6.769556146350005010e-05
6.979071380540720511e-05
6.907268191653421802e-05
6.836203739720255650e-05
7.036505241324581656e-05
6.964111152283155746e-05
7.157556567265020578e-05
7.083917058776277803e-05
7.011035179956193924e-05
7.195899548484958690e-05
7.121865553656565808e-05
7.300328720224956414e-05
7.225220320631959485e-05
7.150884663186009836e-05
7.321359101005665468e-05
7.246034333314211619e-05
7.410534018303810704e-05
7.334291787087255938e-05
7.492989897583534221e-05
7.415899330714282721e-05
7.568964458591026880e-05
7.491092238195508921e-05
7.638688504069728806e-05
7.560098937692989187e-05
7.702386103336474933e-05
7.623141193218089368e-05
7.760274771240286426e-05
7.680434281749043781e-05
7.812565642615922599e-05
7.732187165889737831e-05
7.859463642341807529e-05
7.778602662177960001e-05
7.901167651108939615e-05
7.819877605148865460e-05
7.937870667005371644e-05
8.052608082438376057e-05
7.969759963017948676e-05
8.080148707800286422e-05
7.997017240550750850e-05
8.103187275351002284e-05
8.206326192523882585e-05
8.121896566067336645e-05
8.221025026924959301e-05
8.317254044113655436e-05
8.231683152143952928e-05
8.324101179937804169e-05
8.413746221800360193e-05
8.327182583706872906e-05
8.413207658848387326e-05
8.496581185391501099e-05
8.409165311489990885e-05
8.489101779513259316e-05
8.566503304586491389e-05
8.641413586212851668e-05
8.552507624638339850e-05
8.624224215315172968e-05
8.693559828303107481e-05
8.760555865082367939e-05
8.825253127253863831e-05
8.734455758560746950e-05
8.796252064101048372e-05
8.855852259585156371e-05
8.913294992589685349e-05
8.968618347909954351e-05
9.021859855049297878e-05
9.073056495613915601e-05
8.979709637010896287e-05
9.028391786017606394e-05
9.075121711055749070e-05
9.119934429464577729e-05
9.162864444685021122e-05
9.203945753127368192e-05
9.243211850952146296e-05
9.280695740765069611e-05
9.316429938227202947e-05
9.350446478581327559e-05
9.382776923095613518e-05
9.413452365425480886e-05
9.568403483733398671e-05
9.594565058719615319e-05
9.619175495785634977e-05
9.642263943046554622e-05
9.663859113033392392e-05
9.683989288570674949e-05
9.702682328579118683e-05
9.837073693970769790e-05
9.851769523335942691e-05
9.865121703357175261e-05
9.877156326368670316e-05
1.000026157969530980e-04
1.000858176678963104e-04
1.001567222083739908e-04
1.013048733637199718e-04
1.013407051086429299e-04
1.013650764004018497e-04
1.024342423820385686e-04
1.024255205388435519e-04
1.024061354649907687e-04
1.034000705729509181e-04
1.033494838035279635e-04
1.042917987703750741e-04
1.042112958803308382e-04
1.051036876092767679e-04
1.049945146151627168e-04
1.058386321670100224e-04
1.066542668475515008e-04
1.064994424486357240e-04
1.072692908815250224e-04
1.080120253606664836e-04
1.078144406133990868e-04
1.085137698190645424e-04
1.091872969321954081e-04
1.098354788509295382e-04
1.095821089316478906e-04
1.101899639239190757e-04
1.107737119544097788e-04
1.113337847236074777e-04
1.118706076007499711e-04
1.123845997084068900e-04
1.128761740059899230e-04
1.133457373722055784e-04
1.137936906864652148e-04
1.142204289092621115e-04
1.146263411615298635e-04
1.150118108029950974e-04
1.153772155095353103e-04
1.157229273495555863e-04
1.168078051003051574e-04
1.171074217185309480e-04
1.173885090665469137e-04
1.176514167013892711e-04
1.186242450533094939e-04
1.188443336621715032e-04
1.190473371554235483e-04
1.199391079566580087e-04
1.201016623644960498e-04
1.209392578162790698e-04
1.210629341244739808e-04
1.218481985572822726e-04
1.226044902753870003e-04
1.226692453199208993e-04
1.233759452211954260e-04
1.240551189793521179e-04
1.247072581876401015e-04
1.246966398912004517e-04
1.253027015980616714e-04
1.258830933650975279e-04
1.264382792435723144e-04
1.269687164532697663e-04
1.274748554739432911e-04
1.279571401356062389e-04
1.284160077076779323e-04
1.294375793914872219e-04
1.298448729963297388e-04
1.302300848263874286e-04
1.305936261399347697e-04
1.314978587315100049e-04
1.318134867577971752e-04
1.326591540260196455e-04
1.329286780737824920e-04
1.337177988600782611e-04
1.339429742401851203e-04
1.346775092732849862e-04
1.353827520797941928e-04
1.355418921804666397e-04
1.361954403259312408e-04
1.368211934431057687e-04
1.374196542841443400e-04
1.379913181983235258e-04
1.385366732311556139e-04
1.390562002222412439e-04
1.395503729018836921e-04
1.404959153265688014e-04
1.409358727064941117e-04
1.413519056699521288e-04
1.422061682718076751e-04
1.425709326913756421e-04
1.433653956565608797e-04
1.436808162140369846e-04
1.444175698591481337e-04
1.451239548722064641e-04
1.458005181543536996e-04
1.460183328828806675e-04
1.466412798555138518e-04
1.472359525369111187e-04
1.482192128836343843e-04
1.487545934017045566e-04
1.492632684948492757e-04
1.497457310028436081e-04
1.506019410960319040e-04
1.510293178560100742e-04
1.518232563938570864e-04
1.521976005328465613e-04
1.529314582204753200e-04
1.536341053609853577e-04
1.543061064859041834e-04
1.549480178142003046e-04
1.555603873635720807e-04
1.561437550603280897e-04
1.566986528478722890e-04
1.575821254396055852e-04
1.580779798292717396e-04
1.588961734037955861e-04
1.593351692011915014e-04
1.600903861698077676e-04
1.608131975734785669e-04
1.615041902723889403e-04
1.621639424812064130e-04
1.627930238848595288e-04
1.633919957528476167e-04
1.642829040149467736e-04
1.648199998863716118e-04
1.656435664128670887e-04
1.661210685953119434e-04
1.668796771328071135e-04
1.676050920283667848e-04
1.682979159992134695e-04
1.689587428741866218e-04
1.695881577128370153e-04
1.704796572963749538e-04
1.710449550804845047e-04
1.718674996047413390e-04
1.726550136993757465e-04
1.731270806534213850e-04
1.738493173381923807e-04
1.748136643148767710e-04
1.754673014365520217e-04
1.760889847693664198e-04
1.769461897937880902e-04
1.775029759438620297e-04
1.782909992041127904e-04
1.790440187854374819e-04
1.797626715361208777e-04
1.804475849053507452e-04
1.813502072313571457e-04
1.819669065865718311e-04
1.827974157670249258e-04
1.835915745392920214e-04
1.843500429657765074e-04
1.850734713746669282e-04
1.857625004903671283e-04
1.866510754065310075e-04
1.875017033474517790e-04
1.880865333737415102e-04
1.888656688320295026e-04
1.898327225628595560e-04
1.905383298132487849e-04
1.914286008758367961e-04
1.920633637889398028e-04
1.928795905487945387e-04
1.936586920725446529e-04
1.946117369447744616e-04
1.953164459590578882e-04
1.961921388396792635e-04
1.970291385268526816e-04
1.978281485071030626e-04
1.985898618871968584e-04
1.993149615332626752e-04
2.001998189559003806e-04
2.010453713647402123e-04
2.018523338654899736e-04
2.028111314320725890e-04
2.035410654471905628e-04
2.044203488737308461e-04
2.052599946465534693e-04
2.060607253060132906e-04
2.070034123484209621e-04
2.079048903920328298e-04
2.087659075990342555e-04
2.095872010988745159e-04
2.103694971360908837e-04
2.112845918574406394e-04
2.121585892544943170e-04
2.129922381121981002e-04
2.139521305228746814e-04
2.148697262018952952e-04
2.157457938722232374e-04
2.165810909161481506e-04
2.175354970291234894e-04
2.184473394192136054e-04
2.193173928839103426e-04
2.201464207833011091e-04
2.210878601797114959e-04
2.219866252743808006e-04
2.229930539049723888e-04
2.239552761824942662e-04
2.248740951977760559e-04
2.257503021959297775e-04
2.267281755803943416e-04
2.276620317985975854e-04
2.285526730711072343e-04
2.295400049251554182e-04
2.304828283568291546e-04
2.313819546939517818e-04
2.323730486604871990e-04
2.333192573123526656e-04
2.343535039025088009e-04
2.353417721745578513e-04
2.362848987360112202e-04
2.371837078465656456e-04
2.381657629209935859e-04
2.392279518281997591e-04
2.402430744519636746e-04
2.412119868288499643e-04
2.422571473968143803e-04
2.432552696248754332e-04
2.442072107770649927e-04
2.452317153198945148e-04
2.462092895105871078e-04
2.472562769283259796e-04
2.482556594494909051e-04
2.493214280476492399e-04
2.503389886852793855e-04
2.514200270466171992e-04
2.524523227247582819e-04
2.534367642558483353e-04
2.544816486008926446e-04
2.555845226503408642e-04
2.566377662079268474e-04
2.577464237358572155e-04
2.588051035411814064e-04
2.598147166496050865e-04
2.608771192685611353e-04
2.619900795966858815e-04
2.630525249278151925e-04
2.641632513786069882e-04
2.653201460540784325e-04
2.663294029543825255e-04
2.674795775600474139e-04
2.685778942950692457e-04
2.697182406696535398e-04
2.708066934027924958e-04
2.719352391738285874e-04
2.731020011386970487e-04
2.742159705399536507e-04
2.753663686245990316e-04
2.764640694444177467e-04
2.775964872905897318e-04
2.787619021623573344e-04
2.799586349270656951e-04
2.811012358230144544e-04
2.822736405009518496e-04
2.833921662830680846e-04
2.846202986049088885e-04
2.857931628432349965e-04
2.869913534106665123e-04
2.881346378513357175e-04
2.893799350374993409e-04
2.905691089514468388e-04
2.917795447004563293e-04
2.929343168216311157e-04
2.941840403477226818e-04
2.953770414744876231e-04
2.965876227724285820e-04
2.978145424154801852e-04
2.990565900248235592e-04
3.003125860734611450e-04
3.015813813005400633e-04
3.027922807031183257e-04
3.040840605151230616e-04
3.053172090788490054e-04
3.066276960958808236e-04
3.078788996672859098e-04
3.091379701754741016e-04
3.104039335603874720e-04
3.117405587102534299e-04
3.130168241461005934e-04
3.142972223272234205e-04
3.155808809232069231e-04
3.169290460747765633e-04
3.182160660754312226e-04
3.195647026394099715e-04
3.208519054171557819e-04
3.221979518079622312e-04
3.235413037689158894e-04
3.248812676093755319e-04
3.262171704392543008e-04
3.276055235128328747e-04
3.289307786453198349e-04
3.303060743692558081e-04
3.316736710820894149e-04
3.330330114737025163e-04
3.344378394273569261e-04
3.358322335434397337e-04
3.372157070770314497e-04
3.385877900900120807e-04
3.400001124488065841e-04
3.413990817216042443e-04
3.428353099963799043e-04
3.442563404817875991e-04
3.456618143905695580e-04
3.471008459271791966e-04
3.485715781191646759e-04
3.499753067344606758e-04
3.514570980963153111e-04
3.529188085160552923e-04
3.543602061169680187e-04
3.558275539669301826e-04
3.573192090545569623e-04
3.587880377930078939e-04
3.602789465699989869e-04
3.617903983255482355e-04
3.632767542766429853e-04
3.647816031105903349e-04
3.663035080502165405e-04
3.677982770528125675e-04
3.693505708520220714e-04
3.708739081035207909e-04
3.724097739597301586e-04
3.739568957546986552e-04
3.754733988167602982e-04
3.770397664916356442e-04
3.786137670861935305e-04
3.801942587079023086e-04
3.817411415952471406e-04
3.833317145800067046e-04
3.849255330627765286e-04
3.865215760569699964e-04
3.881188513260434196e-04
3.897534189850348791e-04
3.913499133525012524e-04
3.929811003362113282e-04
3.946090845947560887e-04
3.962330208052308690e-04
3.978872473440131985e-04
3.995350872299205684e-04
4.011757807781510970e-04
4.028426763065361539e-04
4.045340089810251383e-04
4.061812851469539880e-04
4.078840181192799614e-04
4.095741262971055920e-04
4.112833829775994752e-04
4.129781825705153351e-04
4.146896865864230100e-04
4.164163933584645269e-04
4.181257853246831443e-04
4.198481325706227289e-04
4.216124582924993562e-04
4.233562517307486628e-04
4.251089257853863366e-04
4.268691934652655315e-04
4.286358027832330828e-04
4.304075360747423233e-04
4.322117985458416470e-04
4.339899666058991850e-04
4.357978119345280493e-04
4.376056673346098084e-04
4.394124857858695658e-04
4.412172506124019660e-04
4.430727132306861837e-04
4.448964790040444545e-04
4.467410948384320946e-04
4.486048555388151018e-04
4.504603195689394738e-04
4.523066646544525991e-04
4.541935997428672191e-04
4.560688095275870118e-04
4.579562998148838343e-04
4.598546014627634296e-04
4.617622847325753553e-04
4.636779585259746968e-04
4.656002696345323539e-04
4.675279020017810718e-04
4.694828234757927789e-04
4.714170560041331510e-04
4.733756513798566832e-04
4.753341948453647771e-04
4.773138580917546500e-04
4.792907758576351370e-04
4.812638865871627920e-04
4.832754082620027334e-04
4.852802036969806041e-04
4.872773176284294619e-04
4.893077511106949315e-04
4.913278175355223053e-04
4.933777300677625677e-04
4.954147470820262442e-04
4.974581945282601381e-04
4.995265967825587286e-04
5.015982929952537278e-04
5.036719829299926305e-04
5.057657020620143521e-04
5.078585271083036487e-04
5.099681761039059468e-04
5.120929144057021062e-04
5.142125364528307273e-04
5.163442964057201332e-04
5.184865888564239855e-04
5.206199006129562249e-04
5.227787992341958621e-04
5.249612528990026334e-04
5.271304764723419448e-04
5.293200634275537983e-04
5.315110781730350217e-04
5.337190784334937396e-04
5.359255701661986811e-04
5.381458457405554610e-04
5.403781978096764034e-04
5.426209649440640569e-04
5.448725307415268554e-04
5.471313229518464348e-04
5.493958126159695712e-04
5.516645132195156006e-04
5.539513515991746975e-04
5.562544491966828382e-04
5.585569201392808327e-04
5.608723513038883432e-04
5.631990057448027585e-04
5.655351935042971520e-04
5.678792706997949115e-04
5.702296386261744088e-04
5.725988940455306511e-04
5.749710836168345609e-04
5.773447434229740400e-04
5.797458889664735670e-04
5.821451365232414464e-04
5.845545914818005371e-04
5.869858453294014670e-04
5.894236631973743482e-04
5.918664338445341110e-04
5.943125910286682244e-04
5.967733734606435816e-04
5.992469083935235983e-04
6.017313735746591518e-04
6.042249962659385553e-04
6.067382960154542315e-04
6.092449828014172850e-04
6.117797839017814982e-04
6.143166353994187947e-04
6.168540055964527851e-04
6.194136601051187596e-04
6.219819292643014334e-04
6.245570625913009341e-04
6.271486296516711953e-04
6.297434725494551779e-04
6.323620686708186257e-04
6.349803234694674069e-04
6.376075449250675218e-04
6.402526397160259288e-04
6.429135303936586287e-04
6.455777106803979289e-04
6.482539133672738513e-04
6.509402212193695627e-04
6.536347694582920554e-04
6.563458042950191676e-04
6.590712523221888648e-04
6.617992423301817702e-04
6.645378678649295360e-04
6.672948685545098063e-04
6.700585342648814275e-04
6.728365144253445600e-04
6.756267629130877648e-04
6.784272892037644534e-04
6.812453228057996964e-04
6.840696270516322293e-04
6.868983747030653645e-04
6.897475609043639657e-04
6.926061174719865812e-04
6.954808060048377986e-04
6.983608556161161269e-04
7.012529591667236674e-04
7.041635103959120040e-04
7.070819100574994402e-04
7.100144929942447340e-04
7.129591278452325443e-04
7.159137413520414838e-04
7.188763172267621316e-04
7.218607552303422980e-04
7.248489631528120050e-04
7.278546295687300487e-04
7.308754805868814593e-04
7.339016949546410540e-04
7.369464161360182643e-04
7.399998630076775556e-04
7.430673764686502323e-04
7.461467501737274396e-04
7.492430633954601281e-04
7.523468552422418092e-04
7.554631764777392693e-04
7.585968434117481554e-04
7.617385792298638110e-04
7.649000394626626282e-04
7.680720009143924372e-04
7.712523059862124363e-04
7.744521600913448212e-04
7.776625303244367451e-04
7.808812360737732482e-04
7.841190540092747054e-04
7.873735252339772537e-04
7.906359407744491556e-04
7.939104194530190780e-04
7.972008825805752168e-04
8.005110593978858680e-04
8.038263110837696361e-04
8.071565578534607537e-04
8.105053487202138309e-04
8.138643031073084302e-04
8.172369797442766409e-04
8.206267608205454261e-04
8.240254652715576491e-04
8.274421256919446558e-04
8.308742149235346991e-04
8.343192744058702381e-04
8.377749128418783726e-04
8.412496224512850361e-04
8.447354555288193049e-04
8.482353510519975021e-04
8.517520954619119209e-04
8.552831373822539869e-04
8.588311312352064084e-04
8.623884215633464707e-04
8.659627254741660528e-04
8.695514529316781486e-04
8.731570126437445062e-04
8.767768024216991913e-04
8.804131183371244167e-04
8.840633499510396455e-04
8.877249582059317011e-04
8.914048334987865292e-04
8.951002865008173383e-04
8.988132850357364841e-04
9.025366065282633844e-04
9.062767587004085098e-04
9.100355047981516406e-04
9.138057021625730497e-04
9.175978755902856367e-04
9.214005422130554408e-04
9.252197064367092801e-04
9.290526522330755810e-04
9.329050911017175733e-04
9.367741966434617405e-04
9.406572193319398881e-04
9.445555339683970849e-04
9.484704226307248817e-04
9.524030775122085610e-04
9.563506784348732928e-04
9.603143672375139255e-04
9.642952015180884535e-04
9.682903519160920933e-04
9.723045990368466094e-04
9.763350346520754215e-04
9.803825189830829828e-04
9.844478382332751652e-04
9.885280933896588729e-04
9.926240412511315274e-04
9.967399089020553566e-04
1.000872704311559251e-03
1.005019517011881448e-03
1.009187810947695212e-03
1.013371120123042262e-03
1.017569924187275605e-03
1.021787970748786823e-03
1.026025521391297612e-03
1.030276267961879790e-03
1.034547019858833138e-03
1.038837884266655912e-03
1.043142603223306099e-03
1.047467639413528695e-03
1.051809867455162726e-03
1.056169309796934665e-03
1.060545946517158682e-03
1.064942716743126584e-03
1.069356459051525998e-03
1.073789975245944238e-03
1.078240093665375427e-03
1.082709485962122598e-03
1.087197823362139135e-03
1.091704746964460319e-03
1.096229869055992965e-03
1.100775536010898878e-03
1.105338487858588577e-03
1.109920963966877809e-03
1.114519713974961197e-03
