1.556959244688064636e-03
1.540258680955521649e-03
1.523816898670557344e-03
1.507628940427047006e-03
1.491687217848187410e-03
1.475985523173305863e-03
1.460519605170853283e-03
1.445284997709235563e-03
1.430274455943147645e-03
1.415483805512972879e-03
1.400908144635825423e-03
1.386542046018103113e-03
1.372382962606225965e-03
1.358425355971241760e-03
1.344663912118736942e-03
1.331095554246825539e-03
1.317716461335507365e-03
1.304520396516434038e-03
1.291507888157218242e-03
1.278670231781764118e-03
1.266007974432592758e-03
1.253516351133037669e-03
1.241190923130968023e-03
1.229029913538596738e-03
1.217028281603657050e-03
1.205184088938156305e-03
1.193494552160037333e-03
1.181956093999555818e-03
1.170564401988581768e-03
1.159319347298303849e-03
1.148218195244010307e-03
1.137257958306801776e-03
1.126432896003376439e-03
1.115744997557496137e-03
1.105188655585890483e-03
1.094763848103144904e-03
1.084465480441109591e-03
1.074294621243042846e-03
1.064247346353090241e-03
1.054320386516466703e-03
1.044511321330951785e-03
1.034822011344053863e-03
1.025246007437170944e-03
1.015784528469323902e-03
1.006433658750279956e-03
9.971908911060485547e-04
9.880590086244938133e-04
9.790319800612274845e-04
9.701091446412072467e-04
9.612881881374816433e-04
9.525650237946445839e-04
9.439458343600784940e-04
9.354234463672018865e-04
9.269970450908733518e-04
9.186643222457109353e-04
9.104213691732867923e-04
9.022761854662750746e-04
8.942176056418061226e-04
8.862463760084321115e-04
8.783669051050506946e-04
8.705728286545866930e-04
8.628610528183515037e-04
8.552322055814118524e-04
8.476911178406324604e-04
8.402256345747816102e-04
8.328435628102179127e-04
8.255353159103883060e-04
8.183125514587675066e-04
8.111573016283131054e-04
8.040852826020542356e-04
7.970816694464760580e-04
7.901546155034683402e-04
7.832991076626437702e-04
7.765153349001635650e-04
7.698025693026787700e-04
7.631590997893467239e-04
7.565821628367358498e-04
7.500678700966446769e-04
7.436258576204268604e-04
7.372507187394822682e-04
7.309357237298171181e-04
7.246884408678262116e-04
7.185002571375896045e-04
7.123774052096696783e-04
7.063175181107785982e-04
7.003172526699617730e-04
6.943722240419862015e-04
6.884858635263944523e-04
6.826611875835083935e-04
6.769007617217134018e-04
6.711876372542983308e-04
6.655318582869700550e-04
6.599337564771674998e-04
6.543828895420137357e-04
6.488879686980677337e-04
6.434578263366528064e-04
6.380690219953254888e-04
6.327285466433276535e-04
6.274546641622935758e-04
6.222206092817816458e-04
6.170319377478496225e-04
6.119061113863167884e-04
6.068125476010156156e-04
6.017799738973141251e-04
5.967879871868921179e-04
5.918529733088232110e-04
5.869522723826924243e-04
5.821015097367997692e-04
5.773032687408284581e-04
5.725456711643116692e-04
5.678297724831954125e-04
5.631562315567158455e-04
5.585252803853855193e-04
5.539366924679766128e-04
5.494054420718605522e-04
5.448992262362722851e-04
5.404316110286038703e-04
5.360168797809630866e-04
5.316359876922832411e-04
5.273026164753092781e-04
5.229956668603003272e-04
5.187461910606740601e-04
5.145134640897845854e-04
5.103472844301783825e-04
5.061856522990476007e-04
5.020789113951675464e-04
4.980210594511891645e-04
4.939846894447156656e-04
4.899815067849538561e-04
4.860238345545115756e-04
4.820811230133818510e-04
4.781865281574088859e-04
4.743302929379560311e-04
4.705245844729815112e-04
4.667350133406019210e-04
4.629721336021093273e-04
4.592470586680928203e-04
4.555464173149343233e-04
4.519065474666681022e-04
4.482620505842437693e-04
4.446749344194490892e-04
4.411033482572532033e-04
4.375848088930515294e-04
4.340747595340303474e-04
4.306112211944958398e-04
4.271761670237847540e-04
4.237497634598587663e-04
4.203715576740808010e-04
4.170215283568257428e-04
4.137095864622143009e-04
4.104136187922188426e-04
4.071426100460980957e-04
4.039060180298765200e-04
4.006792466535706999e-04
3.975059054468876971e-04
3.943609876960268122e-04
3.912171392542634668e-04
3.881193553211532803e-04
3.850397264299611037e-04
3.819867190663997513e-04
3.789692422794455257e-04
3.759966638190989424e-04
3.729961958036560627e-04
3.700574948018909454e-04
3.671483233735689457e-04
3.642335299628258962e-04
3.613643469743988432e-04
3.585047058029676610e-04
3.557084253072929545e-04
3.528910548604564891e-04
3.501062894343418756e-04
3.473626220646324294e-04
3.446186226003768930e-04
3.419320070578393172e-04
3.392601684739447298e-04
3.365568065861605546e-04
3.339351958013156386e-04
3.312952682621728975e-04
3.286986620271136741e-04
3.261540061052629370e-04
3.235524657883861684e-04
3.210768675805047252e-04
3.185566867990825618e-04
3.160575155889498570e-04
3.135863471219398372e-04
3.111505338504695823e-04
3.086914865792324074e-04
3.062810044436936672e-04
3.038585565651544815e-04
3.014992254187284912e-04
2.991404849875485333e-04
2.968608525275860969e-04
2.945211712935324804e-04
2.921991336701901362e-04
2.899785804305978799e-04
2.877125410495909525e-04
2.854840150285195186e-04
2.832180604475827146e-04
2.810013244996929739e-04
2.788417397466770500e-04
2.766604306302891561e-04
2.745498701593872704e-04
2.724284261260387125e-04
2.703001975777506120e-04
2.681695151896193864e-04
2.661370630078789198e-04
2.640173240824596700e-04
2.620095651621237565e-04
2.599212415617009066e-04
2.579598717195953129e-04
2.559256279665826509e-04
2.539266134835307617e-04
2.519693507236923295e-04
2.500606824464566874e-04
2.480932961646880003e-04
2.461847097700442652e-04
2.443426671107780629e-04
2.424539285770666160e-04
2.405198528630585967e-04
2.386680605561816368e-04
2.367789380217546330e-04
2.349854795702614328e-04
2.331636824648883571e-04
2.314521422243749833e-04
2.295833419291981180e-04
2.278352572326379304e-04
2.260744889394212490e-04
2.243041179580998435e-04
2.226775565763146683e-04
2.209008724211895466e-04
2.191249794591643661e-04
2.175128295140565384e-04
2.159155539624414114e-04
2.141722029027645993e-04
2.124463718838073367e-04
2.109146638264012988e-04
2.092415855291481007e-04
2.076009394263017278e-04
2.059981752266807828e-04
2.044390072739347627e-04
2.029294239546509753e-04
2.012827130092873559e-04
1.998876536287083334e-04
1.983612470077029814e-04
1.966989723792034216e-04
1.953130745371775827e-04
1.937981012286029369e-04
1.921496158692989652e-04
1.908047372170265318e-04
1.893342678628485336e-04
1.879633936425134720e-04
1.864670896668188668e-04
1.850795588615758262e-04
1.835671378981645798e-04
1.821734071839072706e-04
1.806557403273955221e-04
1.792674700692646985e-04
1.780192355718065458e-04
1.766544743664876253e-04
1.751691816533271218e-04
1.738373820502536933e-04
1.726710239595276948e-04
1.713935333801670368e-04
1.700010824714982187e-04
1.687900759986530783e-04
1.674677712347547444e-04
1.660303507442759433e-04
1.647920232589738794e-04
1.634429475854517805e-04
1.623099077922531734e-04
1.610712417357274538e-04
1.597233210228544737e-04
1.586125553458368406e-04
1.573985250409859211e-04
1.560776842328151720e-04
1.550172439779815589e-04
1.538569503842699381e-04
1.525933699490355925e-04
1.516157614425145547e-04
1.505428989120113513e-04
1.493714947422267907e-04
1.480981705350630851e-04
1.471434995094389085e-04
1.456640182875702089e-04
1.445126587245482575e-04
1.439040337422637945e-04
1.435150123267475979e-04
1.431142604224877319e-04
1.427016429112368766e-04
1.422770233820136172e-04
1.418402641200655644e-04
1.418563288131599598e-04
1.413979741657335964e-04
1.409270790229231617e-04
1.404435004776109297e-04
1.399470942632323857e-04
1.399185344481979076e-04
1.393992400331787020e-04
1.388666978758806413e-04
1.388112574374428330e-04
1.382550381835479815e-04
1.376851392983001292e-04
1.376017770519720560e-04
1.370073895062862721e-04
1.369059373507664683e-04
1.362865218359741201e-04
1.361665231135284978e-04
1.355215301998456353e-04
1.353825192137371621e-04
1.352355580080338924e-04
1.345528910353172751e-04
1.343862245366169036e-04
1.336765841377905457e-04
1.334897236597114279e-04
1.332943709523144943e-04
1.330904237298125643e-04
1.323286969840106243e-04
1.321035969117534837e-04
1.318695655107910618e-04
1.316264963160281552e-04
1.313742818344728258e-04
1.305452255989979291e-04
1.302706194802093827e-04
1.299865145654109091e-04
1.296927989965512579e-04
1.293893598416075380e-04
1.290760830853589550e-04
1.287528536200809146e-04
1.284195552361653723e-04
1.280760706126641516e-04
1.277222813077538190e-04
1.273580677491236357e-04
1.269833092242844707e-04
1.265978838707989467e-04
1.262016686664302974e-04
1.257945394192137324e-04
1.253763707574429627e-04
1.255780817565462176e-04
1.251416445182761789e-04
1.246938121058016266e-04
1.242344545090867832e-04
1.237634404882597598e-04
1.239329160687340447e-04
1.234425211575882234e-04
1.229400970775303798e-04
1.224255077519245791e-04
1.225683884365669110e-04
1.220335008735902861e-04
1.214860613201668621e-04
1.216091260365967348e-04
1.210406918125666990e-04
1.204593081859426875e-04
1.205617188163413291e-04
1.199586242357496719e-04
1.200483386008369981e-04
1.194230645983710435e-04
1.194997319237461685e-04
1.188518013676238345e-04
1.189150637627470582e-04
1.182439907108098163e-04
1.182934830427350976e-04
1.175987725935748039e-04
1.176341223585771471e-04
1.169152705002530438e-04
1.169360976933162796e-04
1.161925911496263083e-04
1.161985081317563450e-04
1.154298242060242130e-04
1.154204355693544859e-04
1.154058109787919575e-04
1.146009444163461054e-04
1.145704401247329870e-04
1.145344594879183338e-04
1.136922823193898662e-04
1.136398309923075997e-04
1.135816553809728487e-04
1.127010088654780985e-04
1.126257542238119451e-04
1.125445196066367551e-04
1.124572299750006696e-04
1.115252736633507021e-04
1.114200902414268939e-04
1.113085856892218653e-04
1.111906817497338801e-04
1.110662994040653798e-04
1.100686763736722571e-04
1.099253561081672890e-04
1.097752779495626428e-04
1.096183595146744391e-04
1.094545176231244703e-04
1.092836682904316237e-04
1.091057267210472647e-04
1.080129355738229712e-04
1.078145410412883988e-04
1.076087553714978178e-04
1.073954901921254272e-04
1.071746562823650825e-04
1.069461635656039888e-04
1.067099211020385529e-04
1.064658370812282312e-04
1.062138188145885279e-04
1.059537727278250254e-04
1.056856043533013192e-04
1.054092183223497210e-04
1.051245183575141574e-04
1.048314072647342114e-04
1.045297869254624841e-04
1.042195582887188432e-04
1.039006213630796598e-04
1.035728752086011796e-04
1.032362179286795771e-04
1.028905466618403465e-04
1.025357575734652974e-04
1.021717458474494429e-04
1.017984056777910054e-04
1.024720430753219729e-04
1.020867150650411263e-04
1.016917812222944685e-04
1.012871320004230376e-04
1.008726568217913251e-04
1.004482440689699884e-04
1.000137810758499056e-04
1.006754780533344613e-04
1.002278916475762496e-04
9.976995884832579769e-05
9.930156302317012232e-05
9.882258644758973255e-05
9.833291029564167384e-05
9.898338421446055098e-05
9.847956147148012574e-05
9.796472614290333361e-05
9.743875523399261093e-05
9.808325051284984676e-05
9.754245103750997577e-05
9.699019158760390001e-05
9.642634486208039512e-05
9.706408341838244913e-05
9.648469976217658210e-05
9.589339266737020222e-05
9.529003038470183881e-05
9.592019678356404275e-05
9.530056189669473994e-05
9.466852349409088569e-05
9.529453908635632405e-05
9.464568525042653749e-05
9.398407045044053889e-05
9.460552092928621831e-05
9.392653265275363193e-05
9.323441661863875304e-05
9.385087277147355920e-05
9.314080961340206902e-05
9.241724232891581064e-05
9.302825960858222170e-05
9.228615554892611965e-05
9.153016118314717816e-05
9.213527926793570601e-05
9.136014206261101650e-05
9.196411398586962791e-05
9.116946066161529284e-05
9.036027118200403970e-05
9.095760115184944037e-05
9.012826199654947075e-05
9.072403764263643842e-05
8.987415815475520236e-05
8.900906894057053855e-05
8.959741669977904172e-05
8.871112494477837156e-05
8.929748414582847158e-05
8.838958107197986331e-05
8.897379629478846617e-05
8.804386600115480350e-05
8.862577804983507595e-05
8.767339739577253792e-05
8.825284322598707647e-05
8.727758171249731583e-05
8.785439435754811171e-05
8.685581400675489909e-05
8.584018936598230458e-05
8.640747773511222684e-05
8.536779394963471253e-05
8.593194455441782286e-05
8.649981548442079457e-05
8.542857411765400748e-05
8.599310324850820109e-05
8.489671386644696144e-05
8.545771346531443480e-05
8.433569882018396877e-05
8.489297676069204937e-05
8.374485136168265283e-05
8.429821104057142345e-05
8.312348101935954038e-05
8.367272127169106280e-05
8.247088424584123631e-05
8.301579925874706721e-05
8.356430819715864554e-05
8.232672341790596654e-05
8.287066671605966420e-05
8.160475854662452018e-05
8.214391940806186623e-05
8.084915558971804146e-05
8.138331226985314013e-05
8.192099213188695534e-05
8.058807711478441509e-05
8.112049156439084534e-05
7.975743132966105014e-05
8.028434691338628851e-05
8.081473805751765156e-05
7.941175562565676088e-05
7.993637139164711978e-05
8.046444762774225328e-05
7.902049481553910049e-05
7.954251031118728761e-05
7.806626997133114625e-05
7.858197186929479741e-05
7.910107556395571424e-05
7.758197265975356311e-05
7.809446095369969082e-05
7.861032991673143398e-05
7.704724392886450296e-05
7.755618615420659296e-05
7.806848572457205304e-05
7.646026846343886732e-05
7.696532016524948851e-05
7.747370361247086720e-05
7.581917856082774523e-05
7.631998294821506319e-05
7.682409112446696229e-05
7.512205276484809049e-05
7.561824035631076191e-05
7.611770133943344496e-05
7.436691446600529230e-05
7.485810272554510505e-05
7.535253145275561603e-05
7.585022204435110029e-05
7.403752343101563588e-05
7.452652132308600259e-05
7.501874530523973069e-05
7.315439740768108824e-05
7.363755198335033062e-05
7.412389415044758024e-05
7.220655963477647413e-05
7.268344411515656499e-05
7.316347486962089747e-05
7.364667267207860798e-05
7.166195648573943833e-05
7.213523142950659399e-05
7.261162889593062559e-05
7.309116950178726224e-05
7.103684386197365458e-05
7.150597833935278219e-05
7.197820808122214176e-05
7.245355352408980993e-05
7.032731969506208244e-05
7.079175700782733434e-05
7.125925865015639055e-05
7.172984485403169515e-05
6.952933094846834171e-05
6.998848763380080562e-05
7.045067386041301753e-05
7.091590963033856266e-05
6.863866834385365151e-05
6.909193314338247648e-05
6.954818865914483056e-05
7.000745463659202724e-05
6.765096091342043911e-05
6.809769370629830559e-05
6.854737416315346958e-05
6.900002174496403461e-05
6.945565604113499575e-05
6.700120107158351421e-05
6.744363195718760065e-05
6.788898217687360241e-05
6.833727100430751604e-05
6.579771271685507742e-05
6.623218820458897000e-05
6.666953057475379096e-05
6.710975875452261511e-05
6.755289179597528894e-05
6.490808756433704340e-05
6.533667887893791423e-05
6.576809829756161650e-05
6.620236449112731751e-05
6.663949625377191830e-05
6.707951250366336795e-05
6.430707836554195353e-05
6.473169025041045923e-05
6.515910403447057692e-05
6.558933821537362037e-05
6.602241141284625396e-05
6.313542525102181250e-05
6.355229245404405889e-05
6.397191049253966779e-05
6.439429752684224125e-05
6.481947183713529851e-05
6.524745182424451610e-05
6.222150569409421058e-05
6.263232919598165120e-05
6.304586369788797988e-05
6.346212709693632476e-05
6.388113740836439780e-05
6.430291276630365675e-05
6.113150078986704847e-05
6.153511888201519350e-05
6.194140046818965152e-05
6.235036313168690857e-05
6.276202457184819773e-05
6.317640260482491877e-05
5.985272015468224823e-05
6.024788734354207648e-05
6.064566229698321284e-05
6.104606223021010511e-05
6.144910447204268472e-05
6.185480646566710906e-05
6.226318576939022381e-05
5.875711880381230117e-05
5.914504417549611674e-05
5.953552956283805753e-05
5.992859186562586544e-05
6.032424809518169420e-05
6.072251537510009862e-05
6.112341094198747412e-05
5.742515533646196172e-05
5.780427935579745061e-05
5.818590534532587467e-05
5.857004982146927336e-05
5.895672940965556228e-05
5.934596084503868736e-05
5.973776097322195040e-05
6.013214675098807683e-05
5.620562558652982552e-05
5.657669052536536445e-05
5.695020428754159691e-05
5.732618303845244328e-05
5.770464305018206788e-05
5.808560070220880400e-05
5.846907248211483875e-05
5.885507498629887949e-05
5.468642300371846955e-05
5.504745147830373392e-05
5.541086257465792689e-05
5.577667202099380057e-05
5.614489564932961428e-05
5.651554939617499406e-05
5.688864930321948919e-05
5.726421151802818944e-05
5.764225229473949057e-05
5.318755566187181167e-05
5.353868216355876238e-05
5.389212597182973369e-05
5.424790238357366423e-05
5.460602679663881329e-05
5.496651471050011437e-05
5.532938172692896815e-05
5.569464355066968303e-05
5.606231599011779265e-05
5.643241495800549527e-05
5.164086952008141180e-05
5.198177877804085746e-05
5.232493794469324970e-05
5.267036187186502225e-05
5.301806550940605907e-05
5.336806390583597376e-05
5.372037220899616224e-05
5.407500566670502007e-05
5.443197962741778105e-05
5.479130954089111966e-05
5.515301095885148035e-05
4.996538958210163201e-05
5.029523192612898278e-05
5.062725117057191186e-05
5.096146168517381086e-05
5.129787793452033695e-05
5.163651447866526856e-05
5.197738597376054201e-05
5.232050717269074022e-05
5.266589292571148448e-05
5.301355818109246119e-05
5.336351798576373514e-05
5.371578748596784965e-05
4.806256171370188021e-05
4.837983702972563371e-05
4.869920633393506800e-05
4.902068344863181698e-05
4.934428228734693384e-05
4.967001685544313830e-05
4.999790125072138704e-05
5.032794966403036474e-05
5.066017637988111827e-05
5.099459577706526883e-05
5.133122232927715418e-05
5.167007060574054498e-05
5.201115527183853237e-05
5.235449108974941251e-05
4.611258130419874143e-05
4.641697875283994204e-05
4.672338522381457130e-05
4.703181397843680868e-05
4.734227836554827856e-05
4.765479182209603833e-05
4.796936787371412417e-05
4.828602013530850520e-05
4.860476231164736382e-05
4.892560819795281933e-05
4.924857168049956343e-05
4.957366673721439691e-05
4.990090743828230540e-05
5.023030794675479172e-05
5.056188251916314124e-05
4.362483900525898650e-05
4.391280973115771052e-05
4.420268108614110013e-05
4.449446561591859463e-05
4.478817594900500506e-05
4.508382479726645738e-05
4.538142495647107233e-05
4.568098930684248455e-05
4.598253081361719020e-05
4.628606252760612984e-05
4.659159758575903601e-05
4.689914921173353088e-05
4.720873071646679905e-05
4.752035549875232201e-05
4.783403704581943173e-05
4.814978893391730255e-05
4.846762482890207377e-05
4.878755848682875631e-05
4.092466979545559310e-05
4.119481214191514601e-05
4.146673747026887911e-05
4.174045754955255734e-05
4.201598422648145342e-05
4.229332942596272826e-05
4.257250515161187709e-05
4.285352348627187940e-05
4.313639659253625864e-05
4.342113671327589613e-05
4.370775617216819621e-05
4.399626737423111683e-05
4.428668280635963278e-05
4.457901503786638661e-05
4.487327672102570748e-05
4.516948059162095023e-05
4.546763946949619167e-05
4.576776625911052219e-05
4.606987395009712137e-05
4.637397561782486115e-05
4.668008442396478792e-05
4.698821361705934896e-05
3.783870122647679986e-05
3.808846927686756714e-05
3.833988585490986673e-05
3.859296184204452082e-05
3.884770819153331194e-05
3.910413592893376871e-05
3.936225615257582170e-05
3.962208003404244384e-05
3.988361881865307585e-05
4.014688382595029071e-05
4.041188645018987333e-05
4.067863816083359729e-05
4.094715050304624336e-05
4.121743509819457651e-05
4.148950364435089681e-05
4.176336791679905689e-05
4.203903976854417930e-05
4.231653113082572130e-05
4.259585401363351440e-05
4.287702050622828310e-05
4.316004277766404733e-05
4.344493307731558008e-05
4.373170373540783004e-05
4.402036716355017581e-05
4.431093585527332961e-05
4.460342238657011017e-05
4.489783941643982066e-05
3.389564976557686029e-05
3.411938701966325501e-05
3.434460100807916206e-05
3.457130147822980274e-05
3.479949824185683328e-05
3.502920117546339277e-05
3.526042022074150922e-05
3.549316538500222283e-05
3.572744674160894168e-05
3.596327443041301989e-05
3.620065865819329320e-05
3.643960969909709855e-05
3.668013789508540003e-05
3.692225365638033402e-05
3.716596746191562061e-05
3.741128985979034290e-05
3.765823146772509115e-05
3.790680297352205081e-05
3.815701513552702164e-05
3.840887878309548920e-05
3.866240481706095946e-05
3.891760421020708146e-05
3.917448800774239232e-05
3.943306732777831488e-05
3.969335336181052312e-05
