3.682328589704956505e-11
4.020939758901152557e-07
7.257783823632707640e-07
1.613267879004041540e-06
3.155946413776457049e-07
2.558659035865996658e-10
4.692444373045859407e-07
1.098926068197905231e-05
8.435447789552909419e-06
4.387265176125847392e-07
1.322023026705072963e-10
2.099824371141813954e-07
1.554240587081246464e-05
4.518753507168496721e-06
2.741373543880577970e-07
8.860449465781639603e-11
2.163438299296176954e-06
1.246963701784183548e-05
7.046879695262457354e-06
2.126735136474764808e-06
5.617792294182454576e-11
1.862339341556996615e-06
6.119475574417604330e-06
8.302846508116506929e-06
1.420922721116763245e-06
3.416474516103167193e-10
7.099808388291903351e-07
1.217042663264025571e-05
6.054691570494287075e-07
5.150093550789321881e-08
3.737045910137985424e-10
2.442292381815545022e-06
1.284868887987078069e-06
1.392077414866949231e-06
6.140568127214412384e-08
7.909112546152769720e-10
1.567693154657238576e-07
3.453098717371191783e-06
8.141933510876663149e-07
2.454057287199371225e-07
1.597774972054688277e-09
5.381093523566237647e-07
2.573335385192093441e-06
6.866452198324325797e-07
7.022339641607848415e-07
6.061521057076052336e-11
2.112570518410705997e-08
4.328130859833267323e-07
3.184133110198844555e-06
7.539101536148251959e-07
1.429663736297080200e-09
1.968435847059124262e-07
1.342249803752332194e-07
2.954515220818675846e-08
2.695138473292215512e-08
1.312707199799723253e-13
3.023500737686666809e-07
1.472973791391455140e-07
3.476833190619446010e-07
2.823313481694825119e-08
5.970585216820867969e-11
8.688384123024295866e-09
2.883120148925129708e-07
1.074867875698694433e-07
4.658423769487817716e-08
2.119669629166723093e-13
1.284301285420684866e-09
4.662786961707708799e-08
3.218363423644092909e-07
1.853299261436538518e-07
6.491903391768780431e-13
5.439639673305690030e-10
1.262082098681938003e-08
3.394323970147617485e-07
3.978704092435065172e-07
6.728727959178910414e-12
4.655398274639222012e-09
1.305559330508119743e-08
2.435077071442276302e-08
2.689636399046920678e-08
6.963127655820634189e-13
2.943549237066735822e-09
3.325138873888789895e-08
1.685592489879134990e-08
1.153651501172035213e-08
9.576410224116529824e-17
3.070068825449801446e-10
1.498254507342833761e-09
4.536041005680356025e-08
5.601933297146153813e-09
4.519455136886565004e-14
4.866814644032000761e-10
4.133054602398019477e-09
9.094265471049738842e-08
1.433800300802529642e-08
3.973633119217239182e-17
8.134279620750495045e-11
5.842650890191476922e-09
4.561672321946392399e-09
1.550290495195068898e-08
2.092152979430919512e-14
6.120612867964097361e-10
1.806405415996297189e-09
3.585781776959849102e-09
4.650835934243284242e-09
1.161424226541784719e-13
5.532279364284356227e-10
5.015135804091700204e-09
7.497012781229147710e-09
1.313345835857463090e-08
2.894339180930302641e-15
2.022328149404863830e-10
2.743907585873221676e-09
1.052001604146005357e-08
5.286037843099397957e-10
5.933825169357267892e-17
6.728844514517497485e-11
5.045881744114266136e-10
3.227709037052169500e-09
2.443357950028369871e-08
4.848980405699505579e-17
6.972334533365151141e-13
3.100790503227425180e-11
1.413768818671501165e-08
4.142202918232510769e-11
9.448211901868609559e-12
7.512212306963665526e-08
1.685247778381018997e-06
3.891863682764757493e-07
1.586073195379435883e-07
8.052252864346886080e-11
1.037543815389585426e-06
1.139937304970928552e-06
2.187301968097351347e-06
3.742790005004655648e-07
3.285540318496973730e-10
3.109262067413549401e-07
1.571739940112724162e-06
8.978808509861959958e-06
1.646371590464965278e-06
1.192993210644116075e-11
3.163104021904903849e-07
1.834643316653127986e-05
1.034677617252131590e-05
1.843063817023958238e-06
1.699939316565705207e-11
5.502076505911103598e-07
7.257774580004725494e-06
1.526922695686333602e-05
2.766485336931739909e-06
8.054708136974410905e-10
5.931640975383083751e-07
5.304303996937427318e-06
2.684017897249396639e-06
3.734880029385879275e-08
3.106169659424885693e-09
3.884775131874073788e-06
7.374704544849990211e-06
7.723358217458222780e-06
3.703168183228430028e-07
2.768870570207093007e-11
3.500825364353768505e-06
9.695923737110621464e-06
4.486919288317430531e-06
1.539558432386341713e-06
3.951144236652382621e-11
1.626989975631447552e-07
9.071981899162026613e-06
9.158165206751239486e-06
1.111626834301253844e-06
2.294510381410346415e-10
6.966359339243800127e-08
2.339966821011760911e-06
1.737473357594335435e-05
9.257583175931120396e-07
2.781477420559891858e-10
6.591521011456515183e-07
6.559702415322165628e-06
9.476609175932888173e-07
4.573018330669804578e-08
9.667845208308886499e-11
6.082743940342392267e-08
3.164474615624119364e-07
6.185608357891350817e-07
2.500283646633816103e-07
7.112032048563784065e-11
7.820109039630548278e-08
3.603729516565295212e-07
3.882875230308015650e-07
4.048118087598556583e-07
2.011691828924045141e-13
3.071632927002754574e-09
1.977607543596558547e-07
1.009751046098059239e-06
1.948896814225188286e-07
8.458980835584248425e-15
1.530193033211320569e-08
6.440826246646173846e-07
1.864067050731804049e-06
2.691175382305359313e-07
1.703407813525356740e-10
4.850782703889897011e-08
5.382182935168731229e-07
2.075549398669792481e-07
7.773521846871746465e-09
1.010492639199370651e-12
8.266986958921189711e-09
2.259952951710535833e-08
3.533913566374436562e-07
1.354936308518791040e-07
2.215295758185501493e-12
3.212504192654139352e-09
2.352990290072860062e-08
6.998207702526177725e-08
3.651572636334424523e-08
8.569242183960996023e-16
1.309335175231497725e-09
4.102693496386025057e-08
1.747161602112412413e-07
1.831554825207523911e-07
0.000000000000000000e+00
1.429137658497731034e-09
4.722338203875555053e-08
6.489944648664728929e-08
1.312595335213732095e-07
1.475679867346324739e-12
2.076921516229662428e-09
5.266161806423923282e-07
2.047527786380549332e-07
1.697916448889695700e-08
2.776884073825551465e-13
8.447038321399187155e-10
3.316386710494153796e-08
3.941248534029856787e-07
1.380979145742520772e-07
1.305569708883262160e-14
1.170210307885176546e-11
3.057507555167556691e-09
6.747819770634490770e-08
1.478309356726695983e-07
0.000000000000000000e+00
1.283760773794580722e-10
3.474160018775181271e-09
6.615903935903704298e-08
2.536766798386729067e-08
8.406865004771454754e-17
9.758146997718313017e-12
1.505007637035691764e-09
2.219717612928419056e-08
5.184496037949615070e-08
3.400831455893853825e-11
6.982609332649133858e-09
5.000530680936227564e-07
2.486735784962611173e-07
3.773075733933144475e-08
8.687570981184773365e-12
8.718293733164688675e-08
1.848667503777628806e-07
1.252032330372597515e-06
4.090068487067252570e-07
2.410726284176105132e-11
2.870990096873936089e-08
3.005055101682835088e-06
5.958136292080236582e-06
7.134761312720775188e-07
9.409506920790580495e-11
5.043020837569752875e-08
6.558880790066802933e-06
4.948552706428003743e-06
6.561384444295123731e-07
2.847783182549933222e-11
6.534332871034265156e-08
5.744891800887232865e-06
1.276852212283624197e-05
1.141351631012235576e-06
1.637152284485581983e-09
3.259407531217648906e-06
1.140887034967464147e-05
1.127733050587540645e-06
1.671142467525274058e-07
2.658948137426851747e-08
1.142063064698658075e-06
1.586146118544428128e-05
8.081625567252203999e-06
3.678355628163899803e-07
3.599588926463407867e-09
1.198841574400748756e-06
9.149120728669659177e-06
1.145662698883531487e-05
1.441506906887448484e-07
6.420425612722431683e-11
9.875137881152135369e-07
1.801925578355292258e-05
7.971418775599401651e-06
1.252491006703017081e-06
6.192020731876230898e-11
7.247604608252192156e-08
7.567581642862279837e-06
8.191786790536268215e-06
5.500335859139228756e-06
8.849023991665444517e-10
3.630148109422453560e-06
1.261150058856196940e-05
7.535478131569497810e-07
2.662012434044085458e-08
1.828952918499375004e-09
9.501232057973576608e-07
8.972418104293189742e-06
1.115225417987353179e-06
1.694087336958266501e-07
1.421550995904224797e-12
6.923317416340962448e-07
1.043887426869445813e-05
2.770521587290732249e-06
2.648578351481294249e-07
1.581132228758161081e-11
6.186244877028057763e-08
1.053340903304752900e-06
5.868291710771486075e-06
5.957934487955828200e-07
4.922239443264828721e-11
1.602640488464046080e-07
3.527120930583561317e-07
1.498653995126381156e-06
2.460663913445515262e-07
1.771933710139339851e-10
9.127946941592119561e-08
3.468804707073233159e-06
5.709349300035632370e-07
3.815780431562280682e-08
1.772453463426087201e-10
1.759262048991408148e-08
2.545391600589252695e-06
5.353903863548791199e-07
1.161867336189224128e-07
5.023859838807674673e-12
3.059488146535582036e-08
1.026868936650208604e-07
1.736880155705031214e-07
2.642975577840503133e-07
1.635077263300396410e-11
9.734407938354448266e-09
1.531573959075685157e-07
1.605720534518084830e-07
3.171541633203776570e-08
1.923285758156042400e-14
6.925525276075342978e-10
3.114739277601579397e-07
9.741229225274728822e-07
5.343880342077011853e-07
6.258687851124409056e-11
9.853656733667794694e-07
2.048459958763394976e-06
6.770777695403081877e-08
2.086296986453854374e-08
7.097999324579023291e-13
2.807736335864096417e-09
3.057167452798630858e-07
1.496728780323084311e-07
5.774480712490324012e-08
5.807737649132451728e-14
1.681164168537398451e-09
1.384170021385127256e-07
4.742980243305286681e-09
2.030063734499353928e-07
4.056001891784221548e-14
3.783306265618009741e-10
3.236663742530673203e-08
7.697855140741629944e-08
2.197763675047013291e-07
9.697057694850153762e-15
3.747015485777162759e-10
1.072288333486775756e-08
1.654619434856019584e-07
2.785597267450142076e-08
3.724225964731416503e-12
3.661064292699937013e-09
4.021943176773619047e-08
6.148555510873307604e-08
1.541491323495646229e-08
4.804595020574786783e-12
7.381029943558775675e-09
3.051303088488873527e-07
7.160236777108029702e-07
4.789947938512000836e-07
8.472335088829167019e-11
7.715716081883942122e-08
6.903428866777267442e-07
2.138167884042161000e-07
9.761399101878041407e-07
4.391520957729806122e-12
9.905364345705419736e-08
4.758630912413439284e-06
1.994571718061690717e-06
2.398897190727710772e-06
3.396727498749440418e-13
9.908774200554844706e-08
3.028649343132182089e-06
4.114612802311399827e-06
1.057263197565458267e-05
9.866992779051987781e-09
1.386122393973310497e-06
8.425708392126152446e-06
4.552297384896073885e-06
1.271353274835616614e-07
2.979988522959463416e-09
1.092553321999304169e-06
5.067808266593664341e-06
8.654461519532755519e-06
8.599178051703082744e-07
1.918657219675965158e-11
3.849672271384802476e-06
6.607438177307723195e-06
8.445814302230354094e-06
2.133479140596457011e-06
7.865769279385652669e-10
1.543550649044812648e-07
7.667061805132036425e-06
8.886288652336339703e-06
1.753745212380639811e-06
4.168556387278119463e-10
5.098292386813867028e-07
4.908557467243532009e-06
1.062946138880746269e-05
1.971538415850674982e-06
4.266499073627204247e-09
2.041425826353589175e-06
1.785608942527046195e-05
1.518453973385868143e-06
1.385410145518356164e-08
6.302084687684630499e-10
5.510201120523471683e-07
1.460197169904649709e-05
1.456318284195655905e-06
1.354476525372412419e-06
7.024204462499209139e-11
2.667889295158099262e-07
7.707074423362521998e-06
7.448092407094915953e-06
7.943685057178810315e-07
1.692198488099268862e-11
5.627982993080597493e-07
5.901888451349521068e-07
5.468294901115964577e-06
1.959395016455124311e-06
9.183959199025203513e-12
4.122353640329882626e-08
2.432498406968762532e-06
5.166159941253283216e-06
5.960897448141889904e-07
1.500914039893485675e-08
4.215672434017325203e-07
5.914603899085304627e-06
1.093178284630394287e-06
6.329391005285468578e-08
4.034733017545438307e-11
9.159406042393580663e-08
7.114964624599314414e-07
2.022511462893908154e-06
2.334655655508422458e-07
4.828074401902683753e-11
4.719989343634818048e-09
1.038513101990188582e-06
2.215193766232235710e-06
5.240750898541959257e-08
1.559122502064382855e-12
1.547227327065437209e-08
2.422036481587197697e-07
1.922959220422854026e-06
4.047189945181161214e-07
7.741801063921647003e-14
4.918121552822155260e-08
1.889531088947980675e-07
1.479764146297743902e-06
3.105549621866435892e-07
5.916692141542799982e-10
3.833149950932762442e-07
5.339610730112885399e-07
5.503972244928451083e-07
1.164273949781031571e-08
2.613430140208361568e-10
1.383368074467185767e-07
4.055791897857546984e-07
5.350266950507603775e-07
4.133834962979123824e-07
3.719586887988818392e-11
3.945368993361333374e-08
1.333907810942908932e-07
3.557423661335544254e-07
1.342987042098497809e-07
1.889300205021833039e-13
1.006414293379382291e-08
2.233916311291979133e-07
1.814282640347678926e-06
5.339010860526721136e-07
4.560613302832272122e-16
7.468978061860358802e-10
4.152477605101296059e-08
2.255261327707847946e-07
5.183081453973922649e-07
2.831781887757009790e-14
1.338831857169940681e-11
4.563032905869489996e-10
8.622302058082817075e-08
1.409822330967879109e-09
1.748552147306902541e-14
6.537042773497393387e-10
6.324895791376822700e-08
4.256961977738422884e-07
1.333744812018826646e-07
9.438382512059820212e-12
3.622707464100658356e-08
3.600780508341593694e-07
1.159373709473534926e-06
6.308479945939635273e-07
2.205226182890075297e-12
4.881439377343414107e-08
1.080039410026772017e-06
4.350116590809203090e-06
1.807081409354039901e-06
1.164253741045741479e-10
2.337929996020664040e-08
1.436141414679936417e-06
1.656235951873392771e-05
2.713388944623113283e-06
1.518603471316194631e-08
9.407809906821991996e-07
5.009538223999692335e-06
5.037487938735518224e-06
9.627727379308096014e-07
1.158799562494398369e-09
3.185458050786209958e-07
1.145545018281807095e-05
4.597248849604750465e-06
9.548575351298433417e-07
6.883934748429406934e-11
4.431052140857389034e-07
1.080708327547706319e-05
7.440580043626264070e-06
6.753204578301564347e-06
1.147333890575710460e-10
1.131015936284247370e-07
1.486450266632524273e-05
1.210290745669996318e-05
4.855757870998452807e-06
2.696461725336279467e-10
2.833495331659944292e-07
9.836440859320707479e-06
1.844669287092805387e-05
6.046234142049969221e-06
2.715313374829214712e-08
8.227729124063293050e-06
7.642898815405399878e-06
7.710479680207308877e-06
1.878516441682651986e-07
1.486235830096630890e-09
4.016250066191590285e-07
2.282052701894326589e-06
9.343936701557553146e-06
1.525425211228502715e-06
5.530772440539448971e-10
2.667945094060042992e-07
4.852410326874306445e-06
1.420893270962640838e-05
6.023055638508326701e-06
2.627879000403035812e-11
8.036786926295334821e-09
2.085614792767656078e-06
5.787123306372574731e-06
1.883933012792687925e-06
1.941135991876217859e-15
3.225523891819096662e-07
3.063869877094890880e-06
7.291515766538583570e-06
2.284463149584750410e-06
7.564534577963790147e-09
1.532038496124665458e-06
1.235819153130998821e-05
8.738948675794974040e-07
1.271618378238690595e-07
1.620716319145225375e-09
1.937588873623560737e-06
1.865319548475205314e-06
3.111470047784797268e-06
4.214379209627943652e-07
1.568300876876395808e-10
1.289160595295534744e-07
9.001438545575170388e-06
1.560439569568999155e-05
2.485658584798123872e-06
9.831664352116325502e-11
6.580750042811639407e-08
2.667668459177536339e-06
5.668980122573989286e-06
8.007982787677954745e-06
1.588674376058063399e-12
2.372843913190687595e-08
9.827385170960401866e-07
4.083207419602413274e-06
3.811641887226340405e-06
5.560794100467636891e-10
1.549536164823316288e-06
5.028325900145307792e-06
8.946528297113949931e-07
1.878433262515210550e-08
1.195343632952536585e-10
2.496915280613875798e-08
7.995264047080793017e-07
4.422961958058261583e-06
9.420528293528404549e-08
5.025289582342874587e-11
7.240620352726879339e-09
1.029076164762129497e-06
4.275992590321523358e-06
2.112156285797650508e-06
3.837442529623890448e-12
1.000772508276223083e-09
4.168879113927022772e-07
2.990065577377110009e-06
3.533572972614656801e-06
3.991038510648679746e-14
1.014587703996184812e-09
1.316385955073212963e-07
2.853863123801569790e-06
2.184868062312810128e-06
