1.249902987760783494e-12
2.542587375805724619e-08
2.265259544023611027e-07
9.899157895995179291e-06
8.372971230238129080e-06
1.171954095316413070e-14
4.914986378862365068e-09
6.669635119779280345e-07
4.074151351289380462e-06
5.548613042546233121e-06
1.053643675705826814e-15
2.044297057297071746e-09
1.065339115305383199e-07
3.831860993594951665e-06
1.706733620364827347e-06
8.755454180742291237e-15
5.339703585443048686e-11
8.307359738008327160e-08
2.197875324377683113e-07
2.397066929842234599e-06
1.033374227443755691e-15
4.161927133939114680e-10
6.006067969660706701e-08
7.542851151299913152e-07
1.414067964547204442e-06
6.670685402577750832e-11
2.523618532854173498e-07
5.737665025767758080e-06
1.269416479159706613e-06
1.150620984953368205e-07
9.491759963448936425e-12
1.197545538785491332e-07
3.749425453609898822e-06
2.130677302348766900e-06
4.781523164914093015e-07
8.421006479419940675e-11
2.840234979471459463e-07
3.105713468936238978e-06
1.886281306125242080e-06
1.221788876304438024e-07
8.849530689306760922e-13
3.774449630369022881e-07
3.061771292544526249e-06
9.236409477307463387e-06
1.325381659826827515e-06
4.137071534153746188e-12
8.611559273746826008e-08
3.042425826466228282e-06
5.458496526801987542e-06
2.936211269975467339e-06
1.060993263879148957e-12
5.647518599993353392e-07
1.622154025099767239e-06
7.656010241615212772e-07
1.275492428215051085e-08
2.290828527773049988e-10
5.441543040688606628e-07
2.440996597392302725e-06
6.192637188703379356e-07
6.682637307567296606e-08
1.308206194801102541e-10
5.550668770741555181e-07
1.438560913939050609e-05
2.680046027997993231e-06
2.642798363727539698e-07
7.571427868309831631e-12
2.346064605909848177e-08
5.043388629014190351e-06
2.832992237739314841e-06
8.791027708213193232e-07
1.252618051612232825e-10
1.094330685444506429e-07
6.193873188286960196e-06
5.366089584445494943e-06
3.269730512479110153e-06
9.485484671123465276e-13
4.873147096642642241e-08
1.944357173886086980e-07
4.574141817891925914e-08
3.366612069326329362e-09
1.938229588325007644e-11
2.275846137227295736e-07
1.918075067078651436e-06
2.392783294946809353e-07
8.342731557589604750e-08
1.362362512826595321e-11
1.473522827482020947e-07
3.684356575786643689e-06
1.510614635014153739e-06
3.498064628093571972e-07
1.519413435048606483e-12
3.854239061103534779e-08
2.738623817552974684e-06
2.949117900591705863e-06
2.564179379073078085e-07
8.400323202868989849e-13
7.579974349435231494e-08
2.545593976463902994e-06
1.013787755290329102e-05
1.820942137793017519e-06
5.067490707747504327e-12
5.837821202746810367e-09
1.311596391014516030e-07
8.370663479182288863e-09
1.186866709564041368e-09
1.304006966948663604e-11
7.174148940805470180e-08
3.356637312564817990e-07
1.113129982562823962e-07
2.985633877207328562e-08
1.210794388625184587e-12
5.461012990094898530e-09
8.271683691338624673e-07
7.712444795256576467e-07
8.087591567135964915e-08
2.101157639605889712e-12
5.831415685682340274e-09
1.024376815866330004e-06
3.013333185221041728e-06
5.614069344335160065e-07
2.903324477152116705e-13
1.489770555646625290e-08
1.103711373567523277e-06
4.037669242557569099e-06
6.551393449549468500e-06
6.433445787360867433e-16
5.946688853218382656e-10
8.681659832322986380e-08
1.711969636805271523e-06
4.522719482144809563e-07
4.370147257550017751e-16
1.936366708793273901e-10
1.560844934238655553e-07
4.693661905435213825e-06
2.836168337414447577e-06
8.939142328588250498e-15
1.384085596741805741e-10
1.494678779458256583e-07
1.647076700523168467e-06
8.019240971247049113e-07
2.626275167862058098e-16
1.054040795262974242e-11
8.648175469748106230e-08
1.381071042444460408e-06
2.734973502321961653e-07
1.376121244093157637e-16
1.871755856595073180e-12
3.377383024352876245e-09
8.104626914854160401e-07
2.393362721228185603e-07
1.137025648705735018e-11
2.639725380991775946e-09
2.454781993658561650e-07
4.413252741187615938e-07
1.295432720774745283e-09
2.141636075211262157e-12
8.188651212848847315e-09
4.747621729147504140e-07
2.359614687964485764e-06
2.134750415672282266e-07
7.217184986613516234e-12
1.410870293844078415e-08
3.679571091762481430e-06
1.447287091489940130e-06
3.439837037951586639e-07
5.641452232012299677e-13
3.354311018186459782e-08
2.670554544218278869e-06
4.224814644511081841e-06
1.206193573997122177e-06
7.592353804216380788e-14
7.839237440996956622e-09
8.933311828152562075e-07
4.418553164907135301e-06
1.093582945835543864e-06
7.095528616733013264e-11
3.936034408300440492e-09
1.811505256154801355e-08
1.937627789349448439e-08
3.291891378236452318e-11
1.680671351445553978e-12
2.725847662133243348e-08
8.275235140842790136e-07
2.725668305737020328e-07
3.891246367337459981e-08
3.293969852976935968e-10
4.334223947042829360e-08
2.351532479489073045e-06
1.180582938003205720e-06
2.502076357111021775e-08
9.561495645557640166e-13
2.888548691188036991e-09
1.168150752420967079e-06
8.529810617394908704e-06
6.608973679805135605e-07
5.346625370421082714e-12
8.643673596039629319e-09
9.265365942188947176e-07
6.852786032205197120e-06
5.402927788513628686e-07
2.061560352960729679e-13
1.453527354766485413e-09
1.783210837466657534e-09
1.641816122051535001e-09
6.409984349709725242e-12
1.967009394461735926e-13
2.384441441315225335e-09
6.611954608971593645e-07
5.878131823500009713e-08
1.548164988694170846e-08
2.093858742536056822e-13
1.664444225428514088e-09
9.260397814182494099e-07
3.229963305268724350e-07
1.149683275333746973e-07
3.097743112176167111e-14
2.171245910520529149e-09
1.818562546524317124e-06
2.414024361358213890e-06
5.740979186118360419e-07
2.241865085391767237e-15
2.667391084755853096e-09
3.793508133589620842e-07
2.114376745755139040e-06
7.821401453320794102e-07
2.188436068688594780e-13
8.462791299605990604e-11
8.527292534432917904e-10
2.496675916292128088e-10
9.929878545946336445e-13
4.029571828844323217e-13
2.148783300275906781e-10
3.076886931132487232e-08
4.869854665455268969e-08
4.815170750901433577e-10
4.955641408642587488e-12
7.505249659136344904e-09
1.339601708568755737e-07
1.278054658375013298e-07
1.520192165646026908e-08
5.583514781304000458e-14
4.132894621838579816e-09
2.171050165317722632e-08
2.204575262380688665e-06
2.381396971226635259e-07
2.103214990203676708e-14
8.653521807488516823e-10
2.561348550361922227e-07
8.918583566518539102e-07
4.597234300971436590e-07
2.851098678448670404e-18
8.583802952092808373e-14
2.050463719381247392e-09
4.927808846473401289e-09
1.337666895030865827e-07
2.199268558953007847e-17
3.055277587754369775e-11
8.080191532599636328e-09
2.145444739899745354e-07
6.402537055392541280e-07
7.391393831922462544e-18
1.423041741283605059e-11
8.244376679889977240e-09
8.153136423043359627e-07
8.596103184898925642e-07
1.348994022236114591e-17
7.863809229068856994e-11
2.768362458860924672e-09
3.459598491224473910e-07
1.796519745898510181e-07
3.191336902996356926e-18
7.142473756731212630e-13
6.540149467420405330e-09
6.418511111927913430e-08
1.618549824245149964e-07
5.525778187734105282e-16
2.392831280626023949e-10
9.465450310889646147e-09
7.481430899410164968e-09
1.164645285775434356e-08
1.689596466208948688e-13
2.266259177341390367e-08
1.948190335348023419e-07
8.372683898436798466e-08
2.964076177456229633e-07
1.154190957748305478e-14
4.342453196293099085e-09
3.556955599040881859e-08
3.215609335690880573e-06
3.097790859875470589e-07
2.125831335643852720e-15
7.028552332051161760e-09
1.203444346722293288e-06
1.543144168003704305e-06
1.700142290654973015e-06
1.540583417519782477e-14
4.353692387146380932e-09
7.490380652192542247e-07
1.146485581809242627e-06
7.775513644308294871e-07
1.090643157564978366e-14
5.207641652564454419e-10
7.138030877184128097e-10
1.382516837622692002e-10
1.219565678766534064e-10
3.877036368796775160e-15
2.053362467774643765e-08
1.001118830986543236e-08
9.787846971626256659e-08
7.157271902752586408e-09
4.936661757499465264e-15
1.662506753311368889e-09
6.002433545963409706e-08
4.085681352195926789e-07
4.909022212838339032e-08
1.261928856793883214e-14
8.515393893709058487e-09
9.824520752329044366e-07
9.259783091023957923e-07
8.067862848035542763e-07
9.284572234074063339e-14
1.259603443201452690e-08
7.924661366265438264e-07
1.921055056960801473e-06
4.703243652682759252e-07
6.169011273039925394e-17
1.050449062053499877e-12
2.559760630522444042e-10
1.489091987590439313e-10
2.230759879230632052e-11
3.329075188113214132e-14
3.809002071314320921e-10
2.021954821994575977e-08
3.446673920535448629e-09
9.848684985932415490e-09
9.977837996001601708e-14
9.370953488710256085e-10
1.077564013767079219e-08
2.621169657537640013e-07
2.408198850510276287e-08
2.928908506607945411e-15
1.533032581177363911e-08
1.671390631112158384e-07
1.210802654782833258e-07
1.682130575920302842e-07
1.209743625165449799e-14
6.610521551914129972e-10
3.816008994155408192e-07
6.908471148484221164e-07
4.395571681115419544e-07
1.294981246538221735e-16
1.393687911967812652e-11
1.171151069231008680e-11
8.434173104922477882e-13
6.116881641670294893e-13
4.464437923236107019e-15
5.307077320527979478e-11
1.021018811143200963e-09
1.644119453229921953e-10
7.332046208115155857e-10
1.744005613523302788e-15
6.457011547750454713e-12
3.585931169656537946e-09
3.846087982338055200e-08
1.274781451630140202e-09
2.907893109563070491e-16
8.370603499215587834e-11
3.750475699532151539e-08
5.184035531259640770e-08
1.386783090452747336e-07
4.392346336579019822e-15
1.025841143461842637e-09
5.749438625175060210e-08
7.794538434663922481e-08
7.596539780610463597e-08
5.458227831022371721e-23
2.692675781516660993e-15
2.135122553029827238e-10
7.620216368878104796e-10
4.412467113774256301e-09
4.136580291949935458e-19
6.438527241320169123e-14
1.324002135698979277e-09
2.019011685736814025e-09
6.119376309108499890e-08
7.025862466805950223e-19
5.212742691948224326e-13
3.650799615661223251e-10
9.950210255331385625e-09
1.794730084578367243e-07
9.480190171672923708e-19
1.749857490672691317e-13
1.814891650642498463e-10
2.147048519722258773e-09
8.716946014551096179e-08
3.116485243458113455e-22
7.318677218126572637e-15
1.459297366382641766e-10
8.305201410431266926e-08
2.186001114969829542e-08
2.949898985214866666e-20
1.964490705915055311e-12
1.181554145603692620e-09
3.850632209954611349e-10
3.244693349724371553e-09
6.510510271256078331e-17
1.219602214078996588e-11
8.034115850480337872e-09
5.901158243988736400e-09
2.121328231488810464e-08
3.629903885020261589e-17
1.164847412683595288e-10
6.962541890075011976e-08
2.621705219186446679e-07
2.145725235385019525e-07
3.698909158511833960e-16
1.621502097220766284e-10
5.117800136832084422e-09
6.595275671770758828e-07
1.274191034268503193e-06
2.898777082833640235e-18
1.039561361454934065e-10
7.185786513796524322e-09
1.036127138782859926e-06
4.546140040929898031e-07
3.110157354343154626e-19
1.654629459814578961e-14
7.926165180785407654e-11
3.351790504762088808e-11
1.718393044906957760e-10
1.907269580056311952e-16
1.549900773631261385e-13
9.202814040320037826e-10
9.314668650856016993e-10
1.501930743354223372e-09
3.102116497408104653e-15
1.479811514951143723e-10
4.556168900293810392e-08
2.542182764296158610e-08
5.291092377416067957e-08
5.793536897423860953e-16
1.104380345669861829e-11
5.470025429590773249e-08
3.760513837910882440e-07
9.965160817717176401e-07
2.653260816044110260e-16
1.260071682037052211e-09
1.248452290601468177e-07
4.920467198499885349e-07
5.013349768959664653e-07
8.771016968913676814e-19
8.186246665500007512e-15
2.748071228653086385e-12
6.874662695289758998e-13
2.944078247807043941e-12
6.899003918200146270e-17
1.627270248657536237e-13
3.248252469431436959e-10
1.613264956832824116e-10
1.550326010781037139e-10
5.392819733308061912e-17
8.566371562957719092e-11
9.583407931599176055e-09
1.071432194361007948e-08
1.412166243459087730e-08
4.531741297868952998e-17
7.042162824779250909e-11
2.187276130616835703e-08
1.389281338509573975e-08
5.252195887977768449e-08
6.821240505198599667e-17
2.602129617699762544e-11
2.314224382751775920e-08
1.527888636690610136e-07
5.137043757777687760e-07
1.838350928932790129e-22
1.146500948345632039e-16
1.738535884262465095e-13
5.647343704587743568e-13
2.994441607717715705e-13
1.780988575024216548e-19
8.934844950204071756e-15
8.945726505647573154e-10
4.887465789403037855e-11
2.541715120358216833e-12
7.100825462825324915e-18
3.854764779916410610e-11
2.343205304912489140e-09
8.130647271373006368e-09
8.035523092543020891e-10
4.507178218873652498e-16
2.161620242243602415e-11
1.504466866011736053e-09
8.143524210825740033e-09
4.195618981230556850e-08
2.372546333037181514e-19
1.952264752414716064e-11
7.451975054843720500e-09
5.258135589299193272e-08
1.525070002472319274e-07
9.459772733643423321e-28
6.390931670809379823e-19
1.301869686361704921e-13
1.793319853867800407e-12
2.898176242772759422e-11
3.165772533576721714e-23
3.826302486518836962e-17
1.874566872737265556e-14
2.544125386628206084e-10
2.081451358883935598e-09
6.355509216916299469e-24
6.874545563625521362e-16
2.790458952247503207e-11
4.224944293407560684e-10
6.016448161229649800e-09
1.046818489524200766e-18
3.244938317525051990e-15
3.213612674246870798e-11
7.960750939039430607e-10
1.037754393142755498e-08
2.073897216692783792e-22
2.500615799812510208e-15
2.220627916770372426e-12
2.083739264058449794e-10
2.370265544054578956e-08
8.030837337085297810e-22
1.683810022649592629e-13
3.421654610916541243e-13
3.913834473495871670e-12
3.153522271458020227e-11
1.592766564233785222e-19
8.400164563654970438e-15
5.504263746568885069e-11
1.588751058392637405e-09
5.902020511448863352e-09
8.828953152286326369e-18
1.919248308316610513e-14
3.106273013145753947e-11
5.158079269757969323e-09
7.976055098121751536e-08
1.662135872745237829e-17
5.148745110365621436e-12
5.126990315092716453e-11
1.216253820108914556e-07
2.064501519743157586e-07
2.585558746957091594e-18
5.969678457093482474e-12
3.377730539131580303e-09
2.137456470440730734e-08
1.724421884078696809e-07
2.752876734463320471e-24
1.430011159465131330e-16
2.447458282261110799e-14
1.027599013542179090e-11
5.603193266051517472e-14
1.359473713738932547e-19
2.802609068819118383e-15
3.615712304721857396e-12
8.124812226761161486e-10
1.971167555188411885e-10
2.562140114582139132e-16
9.496152802182285505e-13
7.186066156752552750e-11
1.050956400780917836e-08
7.139454567785643538e-08
9.024227696821678161e-17
8.495503587293964931e-12
4.104881692197900650e-09
2.949398360332942910e-08
4.178401361121476569e-08
7.849372355716351224e-19
4.283161145092329706e-12
1.044743262908683325e-08
7.166409404770294596e-08
5.286573201908653649e-08
2.221444317938812183e-26
4.242199530990637840e-17
1.335889464391716651e-16
5.426491992419180065e-13
8.111847500868230489e-16
1.764694912822699730e-21
4.171716996811590297e-15
2.495600434244086488e-12
3.440438309567034829e-11
1.138994763995116213e-11
1.051616087402948397e-16
2.502328118112156734e-13
7.177597197995883336e-11
1.162793823545308028e-09
1.117872304436752474e-09
2.558439766398527541e-17
1.511236264916538873e-14
1.262662130034042864e-09
7.840184756855686704e-08
4.436101919021026664e-08
1.034175430405750812e-17
1.031800513328680280e-11
1.776511119959612622e-09
7.354102653699163617e-08
3.767266499783686811e-08
3.207493361769212622e-24
8.110709528769794282e-19
2.893094048402070113e-17
5.155499668895560335e-15
4.332903081323658579e-17
2.823889640153912571e-21
1.038929826735478156e-18
2.197736809975637138e-13
9.539056694625873861e-12
2.946383944182942563e-11
2.006074512191783527e-20
5.526912497980684637e-14
7.373637337693152327e-14
7.063298819443558721e-11
7.297710067058032602e-10
3.987608707519197435e-20
9.443179774477862222e-15
1.036425117212532530e-09
3.151453398119465011e-09
2.923716774936831647e-09
2.878218737544129280e-18
1.003531352718438346e-13
1.713737773194746537e-10
4.804249180897341966e-09
2.169995503934356335e-08
