8.001850760729080135e-13
9.877619456479636080e-09
8.950808348447134995e-09
1.003794378475490802e-07
9.921751877988992635e-14
7.307575510925358022e-09
1.099506021151722364e-07
1.721149181504466906e-06
5.222848692820088425e-07
7.931432151136748554e-15
1.540459788057676740e-07
3.838474234133421341e-06
1.182436686256287128e-05
3.451340351502060796e-08
3.737191268174769490e-16
1.009155568023737021e-06
3.763786210763542205e-06
1.124636690977112920e-05
1.691740045277641979e-08
1.006702308680469785e-17
6.544294014245841209e-07
8.066475789638664672e-07
6.942124142495120091e-06
2.532071038093353656e-09
2.281196587188680592e-20
8.441898346455262725e-10
1.046485089815278604e-06
8.537714420938177309e-07
1.728301799917124552e-07
7.571390324991358122e-14
8.149085496364372765e-07
2.709335396614345917e-06
1.812523535489739227e-05
2.820767690417382907e-08
1.348309080944995971e-17
5.896923473589761881e-07
5.712716625298896768e-06
1.851669045156175255e-05
1.381583888446512064e-09
3.307581087382343722e-19
8.082081707194431448e-07
1.632558800630252028e-05
3.728141375780750279e-06
3.972228214013629799e-11
2.962013239790073160e-22
2.060484086724024371e-06
1.449469029069544416e-06
3.602815874866364601e-06
2.249432418163556382e-13
5.200026229006289507e-25
4.316977552522041032e-07
9.017638573462203770e-06
1.349379554855987081e-05
4.722290609745261152e-08
7.849275023765714432e-16
7.981939931903257173e-06
2.052763910741699121e-05
3.087749141543131963e-05
5.798880870005289701e-10
2.804559853317677119e-20
1.211021113446493898e-06
2.577083414574461174e-06
5.940705452280252301e-06
1.650966747930898336e-11
1.941743508867490702e-23
1.318600706612217397e-06
3.192540664885736899e-06
2.151067042350507866e-06
6.207401294276793209e-13
5.057516735602368931e-27
1.604789465230696283e-06
7.222998971298518444e-07
8.916099685188532258e-07
2.695944025758045244e-14
1.629780440332544601e-29
7.832820098297919541e-07
9.194135976221332933e-06
3.194274940109993879e-05
2.355761580947934245e-08
2.922384557007142040e-19
8.611317087247988245e-06
1.028489190052834383e-05
2.896633896879327756e-05
1.238410193186097666e-10
1.302635044595507621e-24
2.417331610477672714e-07
7.106545493291238112e-06
1.394101842311371463e-06
4.624878053117739517e-13
2.747650462627801317e-26
1.341904268118369509e-07
3.433576584879937439e-06
9.147464196111480774e-07
2.295718752015904290e-14
3.069292790978963465e-29
5.330768230049428303e-08
1.497956066674264138e-07
3.419045707779580112e-07
1.428439837160825851e-17
1.724950810227534451e-32
4.237437952236928563e-06
2.576535182377240774e-05
6.653853854723225999e-05
2.162686580394901163e-09
5.935920933119935109e-21
2.025653404271937277e-06
6.175107508120718385e-06
5.488393643480195432e-06
2.685816552424566529e-12
4.777634324981129160e-25
6.385206035099492969e-07
1.946513493738432785e-06
4.823195305262940050e-07
1.643587760581652507e-14
6.263650935240478140e-28
1.147701138171405202e-07
3.142099995118697414e-07
8.040753643447452440e-08
8.599125773542650807e-16
1.463971816946816005e-31
1.360142972930002190e-07
2.357755740709805235e-08
1.076708885763032501e-08
4.185513098497519680e-18
1.427856101315240339e-35
9.360215709262715807e-13
4.351273280857743898e-12
2.099209752340880762e-09
3.680030021786720153e-07
3.334017751154796923e-12
3.405813663829707287e-09
1.200914782269645065e-08
3.286431793402037962e-07
4.556812657685336901e-07
3.363058144071655117e-14
4.583431665563455700e-08
2.858355831099061136e-07
9.443543764099697709e-07
1.473597502409424497e-07
5.196470512653553467e-15
2.797898315738447726e-07
2.021919448905370117e-06
3.698741170402022061e-06
5.028499247173019189e-08
2.589592268687499321e-19
2.980570138237008433e-08
6.180959999503312102e-06
1.011166571175547453e-05
7.445552945615331372e-09
4.591267151701766486e-18
1.184888509242195243e-09
2.288331645077046873e-08
2.121908806307485225e-07
9.474394965827859485e-08
1.249540738800275787e-12
3.520558810669935608e-07
8.451912475084164755e-07
2.014429033250232067e-06
2.284701387561516636e-07
1.134471708674285092e-16
3.583274489105098746e-07
5.286788669167799150e-06
1.171719005625002777e-05
4.783166192807643651e-09
4.380944040702831303e-19
9.747651657445077849e-07
3.172217301403262079e-06
4.594998159079736972e-06
1.702769486312499095e-10
1.420536463742799919e-21
1.220166111397955111e-06
3.264175721751253360e-06
5.450273463729135406e-06
1.177558133282306136e-10
2.944409520845816530e-24
1.333837230865809810e-07
4.188727085031821666e-07
8.688248699748997181e-07
1.594976521116141914e-07
5.899024245641172123e-15
4.264305689110209759e-07
6.078491268001694063e-07
8.630117217865111018e-06
1.580533976086141069e-08
5.517474563928206339e-20
2.347304127229261111e-06
4.447372936850385559e-06
6.484132246603274410e-06
1.120641421508949064e-10
9.083055587582489489e-24
3.811537444607730829e-07
1.929497521704271175e-06
2.778684902023606641e-06
3.607199157688519325e-13
8.135137053233968880e-24
2.380639757666560276e-07
2.041791055249954959e-07
1.314074217394421962e-06
1.485082263176105911e-13
3.232178689376281855e-27
6.644757314499936158e-08
6.422069936773881587e-06
8.886152443816334892e-06
2.411041008500828002e-08
4.146322254732563810e-17
1.985904888080231237e-06
8.187061829044356000e-06
2.857719591376217682e-05
4.698284937441115240e-09
6.471362167719052679e-22
1.558664113068017751e-06
2.336533409235298080e-06
3.285567136693679054e-06
1.967799933474428331e-13
1.282460580175874086e-25
1.029200208913732919e-06
3.641828778835337971e-07
4.158109275138401927e-07
2.538351177933990746e-15
3.561976144741804203e-28
3.290678890487056517e-07
2.172780812416550831e-07
3.345687052531068102e-07
8.777547209135152781e-16
1.238041811124652330e-31
1.771072297583347207e-06
4.547064541243505947e-06
4.083836095447401722e-05
5.132533201735350111e-09
1.163176873649873058e-18
4.055306081394132463e-07
2.511367853658464825e-05
3.474446644867166433e-05
1.518838322370926192e-10
1.651606264632118644e-24
3.999101459814853810e-07
1.816656288204465228e-06
1.257677016048051648e-06
1.420389653593244479e-13
1.961443688806185184e-27
6.968030194892391220e-07
8.267064913527256940e-07
5.321546117699091760e-07
4.391146182061760027e-15
4.617556908896994923e-33
6.809599126412832208e-08
7.702730291474813839e-08
1.153263231405727709e-07
5.959278359372955345e-17
1.236252409490305686e-34
1.599757194747360174e-14
6.822777607335740961e-12
4.346627166648050507e-11
7.200847942131379669e-09
1.283221662476570765e-11
3.696349645728878087e-10
7.151555802781044880e-08
6.112379559501913488e-08
7.217610839818072019e-07
3.788150108570922215e-13
7.239542718176932107e-09
3.483181483139555844e-08
5.924519596064641450e-06
1.188554382089136109e-07
3.698966502103362464e-14
7.258076316379127100e-08
1.235604877125367318e-06
1.122636522231621523e-05
2.141026305151209720e-07
1.210643292053965309e-16
3.790935379539957990e-07
1.978058411827680546e-06
2.310279114566183054e-06
3.552801568239964940e-09
1.095789060599452341e-19
7.995602527090639446e-12
2.002608043294853455e-09
4.051994239314993176e-09
3.223623317407727381e-07
1.973731415077682519e-12
1.810585475390937402e-08
7.009968089853420773e-08
3.067502682451548764e-07
1.862604998748181014e-07
8.280455648024878909e-15
7.985627156910301517e-08
2.108169896447546432e-06
7.769064904762430061e-06
2.995420280505697683e-09
4.195943477030398538e-17
2.901546979205549629e-07
1.352247786640867951e-06
3.060393576830699980e-06
8.084276475730738165e-11
9.232284501582513955e-21
2.290848644583244978e-07
1.506988991787535781e-06
4.964786424121160626e-06
2.013168833086976133e-11
2.196810900722532135e-24
2.730093218322069982e-08
2.931144793339332671e-07
7.584354409304377764e-07
5.462976187419445373e-07
9.033350077347739131e-14
1.308584923446169470e-07
5.204085208881014628e-07
1.878092354106955559e-06
3.058944248866046611e-08
2.107633180663342794e-17
2.128444792666361334e-06
3.188671337567350037e-06
4.621699543407589583e-06
2.570989442642423109e-10
2.023148341260107717e-21
1.126604208025042484e-06
1.473026230901765872e-06
7.061115275280716533e-06
4.798666696928773607e-12
2.982199678531289174e-24
8.723070759598640203e-07
9.717788496821243054e-07
2.927498912410410121e-06
1.989816111135389405e-13
1.872063383500135305e-28
8.438190237554953650e-08
1.863933844352661277e-07
7.184196780145039505e-06
1.108329877857076193e-07
5.264688177014298552e-14
1.744944109074010387e-06
8.359098826198298795e-06
2.032583536037084861e-05
5.048601257142635628e-09
6.485833107489861139e-19
3.337707641206511834e-07
2.946044970292394196e-06
1.658974286525221562e-05
1.698820365985708115e-11
1.366356884473055504e-23
3.756707786789359152e-07
2.539247968125184817e-06
4.433600951859250502e-06
2.543691012629287883e-13
2.951602658644523172e-27
1.626105131475399637e-07
1.985553339469813366e-07
1.647969596872959113e-06
2.785826862739051599e-14
6.877852966836670238e-29
1.677531699546060366e-07
1.125051772400800110e-06
1.176171634534013357e-05
6.107793529152023433e-08
5.337147962205156070e-17
7.090715850197733107e-07
2.706856927250075469e-06
1.456867530775238237e-05
1.116632195600935400e-09
3.652071469395742853e-20
3.480159226806974484e-06
7.400396435906614090e-07
1.049309582337555636e-06
1.863963093492318987e-13
1.856102917374202593e-26
1.641269154750681501e-07
9.184001732349697558e-07
3.634265303392145979e-07
3.233645554285155555e-15
1.609341377661604271e-30
6.141155848916445757e-08
1.279121341358519853e-07
8.249436454535629436e-08
3.327856852366569949e-17
1.464000481629852063e-33
5.652545054417865637e-15
2.497460180048138310e-14
4.051727426383980976e-13
3.853607883858596097e-09
1.011078739862360709e-11
4.552766968196426799e-10
1.676750787858341908e-08
1.782965266157086459e-08
1.538378708297481373e-06
3.636399745189624359e-11
1.195923430497854698e-08
4.127895825366156065e-08
1.451763987566655071e-07
2.782345162888591933e-07
8.342227279709189946e-15
9.883697927671406032e-08
1.346802640999567075e-06
1.356255083251861065e-06
6.507022466750995705e-08
4.899061902956380910e-15
6.064958519459489475e-08
4.448515362506181791e-07
5.964219506619594259e-06
2.087133425097538185e-08
4.179863105613517625e-18
5.581007934478931917e-12
2.417888440819495888e-11
2.555904259157329784e-11
1.576285978682161647e-07
4.489631761315184874e-12
2.756092075043459554e-08
4.531289356234327362e-08
2.735994112513444761e-07
7.096383546970487754e-07
3.218089269495046515e-14
1.777764399538221240e-08
4.152403688507550642e-08
9.395750592765430878e-06
2.948383535365237047e-08
6.558115712592562119e-17
3.859948454693128088e-08
7.560001527751666110e-07
3.356191283608195048e-06
2.623294302158322121e-10
1.138296654378428953e-20
2.214226090586901664e-07
1.612160736793020490e-06
7.165523203712009796e-06
2.709705808142939475e-11
2.691567239169076432e-23
1.398037963252554223e-10
3.907435788929996035e-10
8.916595477056985149e-08
4.593074243465089241e-07
4.433418286823602338e-14
4.617195353928501241e-08
3.801577368540512277e-07
3.863989896987239306e-06
9.271502264206433509e-08
1.982261579720408763e-16
4.772418760221252745e-08
5.011611948250914181e-07
2.645167234958595696e-06
4.748727597045270382e-09
2.404696391593956184e-20
5.182643375332315059e-08
3.178080757059368096e-07
3.231717549899032233e-06
1.019093169854132904e-11
7.463871156965848960e-24
2.270881671630300976e-07
9.784591179873605395e-07
2.977076153525357834e-06
4.935038649598398936e-12
1.020001390947372031e-25
1.534899023670514419e-09
1.217040902515886919e-08
3.028441086791596494e-07
3.845096264212156806e-07
1.342764922873888030e-13
2.537420258863388044e-07
1.272250757527200156e-06
8.808194553506898232e-06
3.055855165558255201e-08
1.391573019670171621e-17
4.237186467480989136e-07
1.443199142666095556e-06
3.561333263988873867e-06
2.624556058981027231e-10
1.278110183547644533e-21
4.064778212697208150e-07
1.565915086926244713e-06
1.423195207415317264e-06
9.861108804600227539e-13
7.622077535200382826e-27
6.819294080929549993e-08
4.706724326900146378e-07
8.213782450083425864e-07
4.353380168858637427e-14
1.213964922798701760e-29
8.819622400191078360e-08
4.468329112523598179e-07
1.004882279823391508e-05
4.999892856500924595e-07
2.190550145276261181e-14
1.555511206704452068e-06
5.453661414714669630e-06
8.202295698408918362e-06
7.247424768382225523e-09
9.382225838172622911e-19
1.107867514234295999e-06
1.321678408347211943e-06
4.605719990000915849e-07
1.373199075756432877e-11
2.725492957021774944e-25
8.371732445760484330e-08
8.542541565964184546e-08
7.564047028608890102e-07
2.799740973306597885e-15
1.469128149889263203e-27
1.306595071063483631e-08
9.135424078208173928e-07
1.394956763885520750e-07
3.619964464694204126e-15
4.454648308974603519e-31
2.675614815387167140e-16
1.787558586424685220e-15
8.238751473968685158e-13
6.135362206218019520e-10
2.068840070123232400e-11
7.315972552273166725e-14
1.166626656631428906e-09
4.635126897458587391e-09
2.720077767557880398e-06
3.213562223188455357e-11
1.709329638585704196e-10
3.817561328760890854e-08
3.513368027197227979e-07
1.145166094719181260e-06
1.739382325456645083e-13
8.270006413861736526e-09
7.986895895518374174e-07
2.922413011594484613e-06
1.436593830638403595e-07
1.369023912604164658e-14
8.158820947643658369e-08
1.420157971179171481e-07
3.233716982415262176e-06
1.058694275544669636e-08
9.081373894429187573e-18
1.418638298865011597e-13
1.255469310377372666e-11
1.316068254825483159e-10
1.552262290917483920e-08
1.199702185759489649e-11
1.478779644701366040e-10
2.582042198169733303e-08
1.163760736499569295e-06
5.855289510465007680e-07
9.777574058464923540e-13
4.567394451261502686e-08
2.939757819046975055e-07
1.451853987084972417e-07
1.637127461231233163e-08
2.472263542598210734e-16
9.752069880089571764e-09
1.247611400305536202e-06
1.535619503640231844e-06
3.156559326513849086e-10
8.543514397937643583e-18
4.787078572829961279e-07
3.437155809245749132e-07
2.246643028204075679e-06
9.516953014745922159e-10
4.710648519976113808e-22
6.702668744074857854e-12
1.693102147741558946e-11
1.249472789798827988e-08
2.679782938259824811e-07
3.490489295754742290e-13
1.600377608839350987e-08
2.445378763644540996e-07
1.576281458063962342e-06
1.551108652896743674e-07
1.305270193004073808e-14
4.365626589425800436e-08
4.569852877829300970e-07
2.568335124965695886e-06
4.283717302765512670e-09
3.985786446719718502e-19
2.855158922895634862e-08
1.028401557801724606e-07
1.548953257537842065e-06
8.166694396877172585e-12
8.345971955932509635e-21
1.637960031039250968e-07
3.670157379311488325e-07
1.284183510221854475e-06
4.715448524374622803e-12
9.232309902824868477e-25
8.027929547309592802e-11
2.669966598045065107e-09
2.942580255040385738e-07
6.926306238242013452e-07
7.825187235857134608e-13
7.181814852143967209e-08
8.404699971915513629e-07
5.241099999716467891e-07
4.187570373313188439e-09
4.468147610895157029e-17
1.875825163738752715e-07
3.476076414194103791e-06
5.234183108959556119e-06
3.062419122366002146e-10
2.652411416133476167e-21
1.783558531968011258e-07
9.491545782950155760e-07
2.051718883894677891e-06
5.115932974240757950e-13
4.594205148341869616e-23
7.060298398557798874e-08
3.005431804876368126e-08
3.255404847027252650e-07
1.060396190770602698e-13
6.350242425773383899e-27
1.803673535108581566e-08
1.423771319585800168e-08
3.061954138601983928e-07
7.498366710242403266e-07
1.174137125229657720e-13
8.762033121039284226e-08
9.357931228801853269e-07
2.745967153342545855e-06
1.164620359876179755e-08
3.011507154481385927e-18
2.125273898906714919e-07
2.420379429110068085e-06
3.216740079099920095e-06
5.174197486443171016e-12
5.086209593865079073e-22
1.250205233517470892e-07
2.384218529920920857e-07
1.208932219733428957e-06
3.683493559022702998e-14
2.351120097224817109e-27
6.703933090202934228e-08
4.185064985903264393e-07
4.927191572612510404e-08
1.174592356654978564e-13
3.475368856128196416e-31
