1.058334818613658935e-12
1.495541276422223140e-08
6.108200718674201889e-07
9.219165101830325331e-06
4.933171520479655776e-06
2.920956163310248363e-14
3.962912051653311274e-09
1.252941817212259967e-06
7.795578056594271087e-06
4.785878825148880384e-06
2.351638060239665609e-14
1.139867778639261743e-08
2.256526896808031805e-07
6.487897751651494077e-07
1.076053650951231509e-06
8.278630042678542076e-18
5.525752574192368420e-09
1.344737593994420664e-07
8.207984824909714680e-07
8.201592444607895933e-07
4.287188604270491814e-15
2.275496396421505560e-10
7.447979420121886367e-09
9.162268698978586999e-07
2.253252815584068158e-07
1.351010020767218814e-10
7.094304008585247382e-07
6.064016721320873733e-06
2.099594820929176545e-06
4.519629667066044313e-08
3.386524433142744748e-11
7.648079647091201581e-07
3.494889602544723462e-06
5.220784875587050091e-06
1.572521909963373920e-07
1.065164701359310962e-10
4.677716146460574836e-07
4.647911514312380722e-06
3.146067212059221478e-06
5.839296334712733100e-07
1.248334095941514557e-11
8.251117312560042343e-08
3.961031199098052589e-06
4.929359813872944948e-06
9.015553722060063287e-07
4.784099654453244747e-12
2.098855606855089353e-08
1.841981901413988618e-06
5.667102914909210783e-06
1.054352105025819497e-06
1.375205952127208374e-10
1.539287138743759311e-07
1.167593898150306361e-06
1.639369477474059251e-07
1.996526146532986556e-09
1.851770600540162024e-11
1.199583689779274957e-07
2.985555411119432053e-06
1.861525885459026711e-06
2.255007052418696400e-08
3.937977269970543706e-10
3.401742722000204711e-07
5.972275867644253468e-06
1.784394545805053176e-06
1.629064833037799440e-07
1.515276172186967829e-11
2.345078598380259324e-07
3.759585598717417455e-06
6.184100943145526547e-06
3.304630874311368106e-06
8.122060233102020394e-12
1.408694628099457129e-07
1.237006928484089060e-05
8.355234105282253833e-06
7.897054059159396629e-07
3.486916687459000554e-11
1.133492101026610538e-07
4.211951698704310528e-07
5.327610373805733760e-08
1.159715159379996854e-09
2.692314539542817499e-11
1.898107728423588589e-07
9.139117772163358111e-07
2.452405614575434215e-06
1.409396617402249823e-08
5.978212432098215779e-12
1.634563920497678681e-07
4.860162142372660364e-06
2.555885157702056277e-06
8.557628341351046582e-08
2.960430742450892717e-13
6.222750417487543830e-08
1.906131972802043629e-06
1.619755265998711784e-05
2.801973231313957007e-06
3.809131105309161196e-12
3.581485388809453321e-08
3.300564732304157430e-06
5.390561091155855859e-06
9.861060744053270561e-07
7.702564394195229722e-12
3.257486353081417853e-08
1.338577543433909297e-07
1.635657377798007684e-08
1.200764839567206696e-10
7.878654579915143322e-13
5.069916168625439879e-08
2.662068348957462913e-07
8.078370332055648346e-07
3.693796334826022942e-09
3.215612537092446697e-11
2.566295262228151702e-08
1.320316379403740055e-06
7.140925589342715956e-07
5.214157389441096110e-07
1.965167007607970895e-13
1.576652857062320344e-08
1.178612025267823696e-06
2.455670003873139962e-06
1.302542751177512896e-06
3.168299510606660683e-13
5.208123827381066257e-09
1.559773953748618879e-06
6.196614405175609990e-06
1.460441904611836242e-06
4.035264134576386097e-16
6.392338932128842016e-10
1.485005058393373272e-07
2.321454579196348761e-07
2.756339146581439940e-06
3.969574840403311693e-15
6.076934354030351678e-10
4.606518822691957361e-07
2.241610873378844601e-06
2.653047814761956814e-06
1.760886782207063889e-16
2.292159962636691194e-10
4.063919447984141816e-08
6.470556155262859756e-07
5.411332818572795451e-06
2.307537396913592058e-15
2.132428359971640766e-11
1.152589260763260160e-07
2.107699484693807110e-07
5.753001221319866217e-07
4.500809981087398773e-17
2.261111477108577748e-10
5.221512503738693068e-09
4.240050577915033323e-07
3.731293661920111292e-07
1.279461030207576200e-13
2.471715071201764949e-08
4.428551657716161714e-07
1.005854033316671886e-07
2.548752539697189088e-08
3.522698559842208413e-11
9.802301681206934176e-08
2.627560615343796709e-06
2.454383569348336544e-06
1.397598747827372388e-07
2.536176867396925834e-14
3.891194971523125726e-08
3.048757542374473552e-06
5.167341809973153610e-06
1.022592096911087359e-06
4.895507546923647859e-13
2.451493308700779507e-09
1.011979613260763393e-06
2.905096788355177573e-06
7.247452252688989384e-07
3.854686078331287116e-12
5.766774249268240918e-09
1.355636995345779429e-06
2.534765056762894774e-06
5.564115748093482756e-07
2.118369438253217386e-13
3.456298198356584434e-09
2.640352916628386167e-08
9.860727366743036925e-09
1.740735221718439117e-09
1.487707223829743585e-11
7.943540869267628762e-09
9.993801853761939362e-07
2.736025182103751599e-06
1.581704858676354275e-08
7.533616162825164546e-13
4.676291060545642863e-08
7.979806237930494590e-07
1.221260132005989867e-06
9.875656602281611898e-08
3.122453474548692474e-12
5.773876994507639635e-09
3.758784766143294598e-06
1.794143173784811514e-06
5.013578254215390577e-07
2.834613245050565242e-12
4.886151576721311375e-09
1.579327994037628139e-06
7.612470616764726428e-06
9.437265027414447424e-07
3.841806433243885829e-15
6.036463873225401509e-10
3.792309169555341546e-09
5.482165293228355660e-10
2.913740662667079539e-10
1.026348821682259688e-13
8.612315620928064535e-08
8.831796325283398314e-08
3.124885539136831174e-07
2.793964466944142108e-09
3.180631520845495896e-11
1.380884911664243186e-08
4.359896985520249687e-07
2.301221090361064727e-07
1.193872956788607432e-07
3.865674560928514694e-14
2.839020644989117470e-08
2.092236971546554385e-06
1.592203814010177784e-06
1.252627038915908071e-07
1.664987714822065464e-12
4.207781342547960609e-09
1.889411207152138724e-06
1.319310026530867062e-06
1.491259260704035829e-06
1.278175062003736259e-14
4.940276952366800704e-11
2.809628684127711760e-09
9.189537401591780400e-11
2.640300170930873665e-11
5.489491683766884659e-15
4.021334007634316889e-09
2.603986294116225748e-07
9.191716581898427320e-09
7.297825361213371621e-10
1.937435106246035323e-13
7.325776166088453142e-09
5.575310413605560989e-08
8.666845869881578628e-08
2.174660734634978681e-08
8.026245569297832997e-14
7.856224133190622133e-10
5.643694533145814637e-07
4.406732627984033189e-07
1.998761013825641561e-07
3.138086571205634534e-13
2.762514525562490263e-09
7.658177814123129362e-07
2.059316539516945358e-06
2.815539956462705376e-07
5.762589619112343877e-17
1.509582576485064241e-12
2.190263700373652148e-09
5.086997048320160000e-08
2.064978099419732399e-07
8.561225449534460207e-17
1.990878232393576726e-13
9.275589855973498620e-09
1.441205613672690684e-08
5.888312554417209708e-07
2.976722570495266264e-17
1.929579011584037400e-12
5.930772666256259426e-08
1.003180793579408049e-07
2.325270107395434453e-07
2.361549349023191263e-17
5.680174251083061795e-12
2.944984464537492957e-09
7.030144776382818174e-08
2.485561531939085707e-07
1.696551327280885425e-17
5.819100756282938940e-13
2.165008382905513812e-08
3.882588597833188783e-08
2.142460485993849057e-07
1.393464122200098369e-15
1.863440462207612148e-10
4.893565030218539955e-09
2.420952954862957463e-08
7.454373686827178643e-09
1.627202939760292029e-14
1.665993953732130791e-11
1.027289163040034129e-07
7.979245851735304453e-08
4.039081290631867628e-08
2.202663353302967065e-13
1.245613470335959564e-09
5.537277503052972101e-07
9.009746719282327586e-07
1.005285352762486061e-07
5.425571879730686813e-14
9.325378368693533866e-09
8.607990537886287926e-07
3.333987064907157307e-06
2.572994144149709696e-07
1.423236438161586481e-13
2.840239674042289879e-10
6.669467311230704198e-07
1.425603160991142456e-06
6.567358709851940697e-07
2.140820108140043012e-15
5.534291873792755696e-11
4.994870724088979838e-10
4.367059548921432555e-10
1.471861922134060937e-10
7.182374949979051691e-15
1.255700158810159838e-10
2.675470258082192158e-08
5.777587816053474468e-09
3.074772542655898964e-09
1.592979452025759506e-14
1.006166696226301867e-08
2.328319161513798917e-07
3.858463349147497574e-07
4.207414726785667367e-08
7.410884955948361608e-15
3.999388356253516524e-09
8.089778843863185542e-08
1.568587031040147425e-06
3.253095483650659535e-07
1.985265648419250927e-13
1.728758106614110482e-09
1.280942230498097907e-06
8.037506431935779821e-07
3.118376870842932173e-07
1.099591232495753523e-15
7.384120217634422714e-12
2.250887722725735219e-10
1.295549874615515866e-11
7.875532896961968492e-12
5.001238673502776941e-15
5.515243518488542149e-11
8.008205656968632553e-09
1.834449305077314705e-08
4.206644793640677784e-09
8.372700422599244298e-15
1.895141550406444924e-09
1.161952486754860665e-07
1.259708960461567346e-07
9.200034358928789224e-09
7.031129227048120819e-15
1.428429783547078732e-09
1.088641633194309974e-07
1.940921955402206861e-06
1.074164348623888736e-07
1.432774271344958923e-14
2.709138926255332071e-10
3.848425998806431898e-08
1.099508470954696379e-06
2.727618104207372161e-07
3.794517819803757513e-16
2.593178567789558738e-13
1.469104217176094936e-11
4.238385250528166859e-11
9.237048004719920507e-14
1.753888606241295134e-18
3.796103940552019914e-11
2.226336555139780903e-10
7.047163162680196403e-10
6.366448738657595926e-10
2.353359637956828178e-16
3.378012067997997428e-10
3.760200317526053418e-09
1.519696098829422090e-07
3.503077400240163477e-09
4.664803364058395681e-15
1.041185159391345975e-10
1.834282243299924938e-08
1.744594723715710720e-07
1.727358161848331637e-08
5.028838845804966779e-16
3.200527978172631708e-11
3.808193661927364521e-08
1.303167308278152667e-07
1.236999500356468587e-07
9.917061652596705726e-20
1.717344494338987164e-16
3.575576970520568150e-13
6.730608345672054267e-11
1.018941668243598802e-09
1.684839164714887429e-18
1.197010487765296891e-15
6.358443478205172304e-12
1.422028891565652430e-08
9.070282631136550879e-09
1.954341978581180244e-20
1.977694402994123553e-12
5.985557274074467527e-10
2.677986107030793847e-09
1.597474349073419780e-07
9.258940240334049569e-20
1.728831654229664630e-12
1.508968125002066952e-09
4.276404393412671499e-09
2.163346542791591169e-08
8.267851138999161996e-22
1.972858219666821180e-13
3.156367343335253099e-09
3.585927401564682688e-09
5.759395140112989611e-08
2.789263889110308378e-19
6.781196300717928605e-15
2.897638955887712909e-11
2.053928324313478135e-10
1.259581442451490740e-10
6.945273953660494733e-17
4.281495886225741122e-12
1.656085607409629217e-09
2.420711766118669292e-08
6.378011428291640365e-09
2.863228473609616545e-16
4.077583263025278406e-10
2.853414243847699276e-08
5.396845848211600393e-08
9.519936352184159098e-08
4.278042390598742229e-15
8.372978970269638269e-10
6.733877195928783631e-08
5.043360588774949213e-07
2.126947968839298489e-07
3.265577809745912739e-15
4.157834086619521517e-10
1.208281163320128533e-07
1.088788123812092697e-06
2.708397852618737050e-07
3.416871538938330998e-18
2.498220384003249915e-15
9.275615427255037123e-12
9.824990928710355242e-12
1.930814598355350230e-12
2.039153458042896226e-15
7.529951429828254704e-13
4.625987299186301537e-10
5.511459328029023840e-09
5.581034618164656428e-10
5.594983827525982072e-16
1.994011106711375511e-11
8.937100433204523475e-09
2.788893405259258797e-08
1.728004561661796572e-07
1.363747825553423514e-15
1.168877140829989179e-09
5.629006833324228784e-08
1.574855912148735282e-07
1.788306237885460144e-07
2.434666413154678854e-15
7.132304862158770388e-10
9.245431107958280034e-08
1.843469381115096115e-06
3.001745550828775946e-07
1.971446756078839754e-19
1.164913451585605687e-15
1.708668004261813629e-13
4.453292025208360918e-12
6.143160419507390770e-13
2.626538290802392708e-17
7.804539171599789387e-13
1.866990656552878239e-11
7.635391543860331431e-10
4.625996654920957608e-11
3.349827866668901739e-16
2.742044784024955514e-12
5.264860099009320093e-09
1.530658012172595455e-08
3.400927309737854854e-09
3.095004898848800596e-16
1.346275259828589417e-10
3.276920676674559259e-08
2.165681015730974031e-08
5.263052147115483024e-08
7.187251426686009069e-16
2.795317518890202725e-10
3.141146817213685403e-08
9.817891039498853596e-08
3.586535845535525247e-07
5.398690409594426970e-19
5.512768548264580883e-17
8.932963926922095244e-14
1.860169670040316622e-14
3.830309753978285260e-15
3.151149907902432178e-18
4.512402279474769726e-14
2.388463312479822040e-11
6.924824275884665319e-11
1.197854634571973413e-11
6.914857240264419585e-17
3.293859511154701284e-13
4.238215639086720109e-10
3.239856469350129801e-10
3.794089447127008282e-10
2.775792407910007939e-16
4.690433541717184726e-12
2.048128683367650334e-09
9.102207692086519659e-09
1.854072290337877446e-08
2.667396449506130353e-17
1.068425562307662317e-11
2.228669588860588186e-08
2.065707446367090566e-08
5.257925236242560348e-08
3.412171020762304395e-23
3.310392390193280950e-18
2.154023540777704437e-15
2.642278454452817071e-10
4.851456790148695504e-12
6.427798871808929363e-23
2.607429614548387110e-16
4.928616581928670493e-13
3.682259816856450897e-12
1.728239540062374576e-10
1.306090058224377664e-20
7.433693100225135122e-15
7.343527435597809372e-12
1.375587069246324703e-10
9.351374465698976382e-09
2.116350636059674033e-23
6.144024922021552555e-13
6.994064459425656368e-12
1.434590867141423712e-09
1.335078170447619107e-07
1.817403959604701814e-20
1.008671651090867683e-14
3.057055436385275361e-10
1.271877336878366672e-10
5.303256048548519842e-09
1.486788817991652070e-21
5.530592585874337072e-16
1.320328304692104797e-14
7.042814060558745194e-11
8.528629164592228860e-13
1.728828085750786820e-18
4.869864656745808620e-13
1.886107702209213305e-10
7.944641845350921270e-10
3.518435871228872037e-09
4.514268735036517505e-18
1.977137373929139465e-12
6.665988589884512124e-10
7.418381357374614388e-09
1.084732446924119991e-07
1.319897968358087869e-16
7.537503922792316324e-12
7.823912774098030037e-09
7.977918848121784983e-08
3.002737569569469015e-07
2.168952967545164535e-16
4.247535868626333110e-10
4.488201756045795279e-09
7.331238790054379468e-09
4.692258497018365750e-07
2.590881544129278929e-21
5.996173487079406513e-16
1.874402782404289774e-14
1.256610064331568707e-11
8.892546069567737619e-14
1.725121232049370554e-20
7.138238201349156879e-13
1.675115131490135754e-10
1.276565962549031516e-10
2.285737866340327441e-10
6.207116723384653931e-20
2.485453626595947399e-12
2.379837921299563363e-09
7.817847815489906953e-09
1.775101018802500342e-08
2.116517121805186773e-17
1.955090718861413669e-11
2.746938365030595430e-09
6.823769045763409296e-08
6.858478446536580300e-08
8.605807245984301254e-18
7.252850059859789103e-11
3.801405789587459458e-08
5.942601560102090687e-09
6.485928038922201067e-07
1.597663934854022000e-22
8.664503590919497479e-18
7.280182497275219454e-15
2.195696980971887579e-13
2.088499617462007419e-14
4.375047002409005509e-20
2.126751608896617501e-13
1.983133445394295735e-11
5.744963195885705757e-11
3.770935172482746625e-10
2.197449422381580120e-18
5.677289903252602889e-12
2.335640564694675857e-11
7.942415627447061446e-09
4.254283428170154159e-09
1.449190254259438187e-18
2.875796453072460497e-12
6.235682287487249449e-10
6.400801578328769739e-08
6.133983311981494953e-08
1.302550874490496351e-14
2.142772923540560008e-12
7.415341046320019949e-09
1.669130996975934503e-09
1.709693055093416587e-07
3.683556309951317878e-27
4.908608895875568666e-18
3.558999763845245775e-16
4.687249231995410970e-15
6.929675999700065573e-17
2.371998687891399383e-21
3.148596198688768241e-15
1.999429532564740198e-12
1.236423084818170454e-12
5.047298310048653835e-12
7.156855514233752094e-22
7.749832121984683645e-13
3.071516126988053808e-11
9.174910373245660532e-11
3.264759611412252516e-10
5.626851847669206237e-19
3.998921583915085656e-13
3.877627431863681095e-11
3.813231744680470357e-09
2.943808217824027286e-09
2.397121285328103501e-19
1.261133823824367824e-12
4.235727836842443470e-10
1.365508562750322151e-09
5.498162820030023301e-08
