3.199672557094565843e-10
6.361453000671296236e-07
2.203332949548222726e-06
1.153390430156647155e-06
4.440101209148452158e-07
2.393063940765977499e-10
8.616438933737867641e-07
4.157857951331777798e-06
4.526193270596391990e-06
1.212113949321595432e-06
2.398081011337738000e-10
6.637810816936984730e-07
1.092619382882258392e-05
4.544505159755107045e-06
3.466198336510950021e-07
1.086200801345804740e-09
5.986108296920229278e-07
7.269122249758427501e-06
8.939740457923778204e-06
7.073104477176338206e-07
5.481283090545068008e-09
2.399904544214156990e-07
1.344740566534312447e-05
6.494074645181081706e-06
5.892714124852947270e-06
1.364273349323147178e-08
3.275136495718552159e-06
1.203301617123606060e-06
3.179856144451923823e-06
3.239492083183662781e-08
3.944454983433443106e-10
2.069375072834713365e-07
1.320774620939662572e-05
1.240704292654595682e-06
4.533552138577651497e-07
2.243161620096410356e-12
1.609999453992051835e-07
1.024437382341272499e-06
3.624098746350975788e-06
9.544773996220131349e-07
5.040167060362082177e-14
1.356341694725611765e-07
9.252458002986927897e-07
2.133357018488415207e-06
1.895406000006151787e-07
1.109501295451959459e-11
2.234223881538673780e-07
2.142473653405401678e-06
1.240806787424705704e-06
8.393218350965233882e-07
5.237542922458485698e-11
1.465853531951762090e-08
8.113701799495185402e-07
1.332215908627813230e-07
2.625779827394738032e-08
9.040102045480074494e-12
3.259403297775849091e-08
2.966820671163252192e-07
5.494610083754999775e-07
3.903151469471864124e-08
6.277164366644580560e-13
2.995242367190102552e-08
2.502243068051190334e-07
1.638839306408801605e-07
1.007988240493808810e-07
4.049857071606336844e-13
2.033799687495360449e-10
4.800321687974540647e-07
1.450469159997119520e-06
2.481305626614201951e-07
7.332128540135557520e-12
8.454683930209863723e-11
2.295186185036481158e-07
2.415351366413896685e-07
1.007185031911139136e-07
2.866633916942357517e-11
2.495370172659087026e-09
2.948236383443998481e-08
7.905958212107645150e-08
7.715195082059808348e-09
0.000000000000000000e+00
1.732803824145131452e-08
8.566378022200421336e-08
8.995413679512212580e-08
6.286961402686270283e-09
1.592039289212119511e-15
0.000000000000000000e+00
4.151095475421772272e-08
1.867746131928767630e-07
8.717134458857772845e-09
1.445948791642167371e-13
1.659684379778700748e-11
2.561302652455818106e-08
6.538542051968078692e-08
9.696696225035798993e-09
0.000000000000000000e+00
3.034879511641804527e-11
6.700207414368557751e-09
7.040151996808106212e-08
3.117010509346402836e-08
4.781315509053913770e-13
1.982930098464910596e-10
1.128128154365587028e-08
3.382620194134741481e-08
2.460170838518542491e-09
9.776676300275817816e-14
9.307230954675497810e-10
4.606214659610521632e-09
5.717745578063008971e-08
1.032639258329987561e-09
1.567108303577888347e-15
5.560599165383481616e-12
6.881058317642118954e-09
1.431929043325315425e-08
1.957456746600634714e-10
0.000000000000000000e+00
3.175919083559964401e-13
1.268907155473610695e-09
5.580542943055646656e-10
3.195787012883899757e-08
7.283469945199731691e-18
5.614002269000877262e-13
3.216191952647551338e-10
9.227207204569352697e-09
2.606779332628740697e-08
2.035023110070549827e-11
1.916270209556923379e-08
4.830745606224180422e-07
5.686316860286468711e-07
6.586052664001913823e-08
7.496253202896910195e-10
5.085572265639679349e-08
2.160150537200547881e-06
1.942606349767460019e-06
1.031337673324794729e-06
9.326904472851760664e-11
3.271288004576940211e-07
4.833064912177221453e-06
3.398616624194187079e-06
6.465478207832557165e-07
2.887686229813673318e-11
2.086112228773597963e-07
1.153799892418317958e-05
4.775331225013864152e-06
8.689591323367909356e-07
9.355103158859460728e-10
1.205881644507224905e-07
1.520139011156077569e-05
6.900232517906240259e-06
1.305114698551529582e-06
6.805808818776112468e-09
4.419547881041134609e-06
3.683578428638652541e-06
6.418324733143022638e-07
1.548848140366306682e-07
5.928991016496975936e-10
1.195969932488552140e-06
7.169091266213452278e-06
2.031932227616486768e-06
4.594775911273883343e-07
2.790548145580817640e-09
6.434432634852209985e-07
3.257558808189318242e-06
4.725475121595109860e-06
6.054168866004146567e-07
3.042138082895715854e-10
1.644454716976924384e-07
3.968523761902556275e-06
3.320368762510606689e-06
1.693370344966536543e-06
1.194328862115599204e-11
1.154321921877777473e-07
2.588624812984108594e-06
1.308903607832542473e-06
9.362238505267406117e-07
9.745784546901295428e-09
2.580079995576775056e-07
4.683856868604524009e-06
1.957267746777823876e-07
1.241307163122729206e-08
8.555763074401405303e-11
7.044717856414696424e-08
1.877610209667726561e-06
5.907218933419717874e-07
8.606321312066331040e-09
8.375362387346700222e-11
6.683713728980342463e-09
3.236471109294275626e-07
1.298979427607861324e-06
6.311102163106613315e-08
2.578407421286891490e-12
1.767040681808802318e-09
4.647052074156769861e-07
1.841306100523389231e-06
2.292302509450520256e-07
6.333478128755404744e-13
8.414374532826878045e-09
4.478484545065278931e-08
5.256402166515142146e-07
6.178777313797309576e-07
1.102758994713738014e-09
6.320889615726224168e-08
1.643455561209553693e-06
1.791345262398194293e-07
4.994158256053875075e-09
2.332274196523299319e-13
2.773812022217703339e-09
3.048550611916024744e-07
2.277416528593066237e-07
9.617247681500838055e-08
2.863701285201240760e-14
7.612451000299739255e-09
1.521616025997227740e-07
4.391298888542205573e-07
2.771061778366755079e-07
1.244703395718382571e-12
1.816236592871806928e-09
8.066373171378110268e-08
5.226530435925103583e-07
3.061462727723945228e-07
4.765043134949386729e-15
3.842812818808807121e-10
4.435950821658327083e-08
2.816226206165879903e-08
9.655534568242982704e-10
2.323865890336745747e-10
1.530451386977315791e-10
5.323933513953179238e-08
7.366893755532826593e-08
2.578533798630891429e-08
5.332797422596139690e-14
4.703753316103347265e-09
1.565689522418697703e-07
5.455587208778707816e-08
1.996651306342001995e-08
0.000000000000000000e+00
1.519674893017108562e-10
1.580952837637338162e-08
3.975757294701324644e-07
1.363749651308240011e-08
3.606767119821887444e-17
4.189019916141189343e-10
7.713346346814016490e-11
1.934064662340999959e-08
4.023026200709088939e-09
6.675510682863888375e-17
2.291856300902409231e-11
9.850263163052498990e-09
4.271159194188423690e-08
5.873114305454702346e-08
2.702302946301380306e-11
4.213964611223844173e-09
9.121710219969677772e-07
2.561400551455217992e-07
4.494378993421275213e-08
1.706725264543536203e-13
3.878388923674432514e-08
2.470570651636154413e-06
1.055280507281899761e-06
8.492903230093771946e-08
6.389050886842509584e-12
3.525886009792060460e-07
1.420929504535381686e-06
2.418298155408659489e-06
1.912381708953973640e-06
4.756547916848735844e-10
2.053872270600896962e-07
1.712795724018821798e-06
6.582117188446039223e-06
1.257795377358371288e-06
3.496830576220524627e-10
8.566786204100894023e-08
7.420511031575343986e-06
9.644169080437016900e-06
4.346360577420904269e-06
5.333423782480896905e-09
1.322667025130034995e-06
4.002679012147958354e-06
6.847851190034156690e-07
1.250339555163379459e-07
7.751382261527914988e-10
8.750703116829270668e-07
8.041831821230993450e-06
4.518724775707946130e-06
1.861232657352940684e-07
2.507546626209099982e-12
2.785580105134123535e-07
2.789420359487693386e-06
6.592625551011032003e-06
5.200445902936943451e-07
2.420260596179546961e-13
1.245877293651148012e-06
5.190107864546202650e-06
5.911352540939408725e-06
9.399773200878956524e-07
1.948214707988011406e-12
1.405774036549061629e-07
1.017455905432050994e-06
7.692278321463586691e-06
2.605252173262555974e-06
1.000779156786205947e-09
1.377774695749345663e-06
1.141894493023829640e-06
1.984427335212337352e-06
5.745179659421930642e-08
1.927341594050163399e-10
6.423204158927717937e-07
1.245926342054475924e-06
1.034918372842394571e-06
1.184632822313880639e-07
2.451348145305776439e-10
5.800941489884511574e-10
6.720157361339980668e-06
5.183630182182517833e-07
2.688317691310463902e-07
8.387113636863053837e-13
9.633272442937175874e-08
9.144479967614056677e-07
4.504421699394534884e-07
6.174347903921151645e-07
2.552994261243805522e-12
1.754192755144956958e-08
4.588295125684304335e-07
1.510460657229534588e-06
1.254898775654731213e-06
2.503118548654880029e-10
1.214612640126487790e-07
6.365959933496882806e-07
5.400934605950704160e-07
3.443725893907110603e-08
1.492911178138696488e-10
1.622972618351486527e-08
8.003194029333029985e-07
5.259246699252890869e-07
1.239096101784007465e-07
4.325298339847465884e-12
3.756716086432638173e-08
6.950035993150438946e-07
2.890892899273994514e-07
6.635618562905606799e-07
1.323477200623119013e-13
2.612675037284852048e-08
5.056043566710161126e-07
3.100060764012286689e-07
2.332867913212660172e-07
2.645741265429286378e-13
4.757365673453361626e-10
9.393956750359047560e-09
1.430907944498971174e-07
3.087272924713452571e-07
6.075433660798900028e-12
2.294025404707922198e-07
9.261049423135868385e-08
2.741378543801030068e-07
3.684686257571582170e-08
1.730235373963067218e-13
1.035724982373947635e-08
4.848101440780523435e-07
2.059417671593152579e-07
1.292842506990817703e-07
4.197885608091956475e-14
3.472373516547371738e-09
1.677193780357167284e-08
1.357638245969359552e-07
1.981708526433440846e-09
1.612060785898893655e-16
5.042960726129531126e-11
9.486836089116966542e-09
1.271651570280328478e-07
6.862228134993332808e-07
1.578773681256377390e-16
1.731775346929013607e-10
3.179922472604927362e-09
4.412588178880018584e-08
3.218011200167512637e-07
1.440940841269425737e-11
3.984764860988683401e-11
1.456999431311073183e-09
4.439634696196475717e-08
1.174056015736565156e-08
4.311682002244041345e-13
6.575057563638062888e-08
9.300168129731480950e-07
1.006523052065371034e-06
1.153685787819497514e-07
1.204066641015401297e-12
6.033314926886891664e-08
2.044812073431533594e-06
2.538290002755111933e-06
2.451847431043689933e-07
2.059505787329530645e-10
1.269405734815252714e-08
5.458085164444784902e-06
6.773084072041696288e-06
4.063400772083327684e-07
4.418840305743006458e-11
6.580198660181844233e-08
2.186170380723516111e-06
4.090611223864977349e-06
2.506334132354958240e-06
2.896218904498688571e-09
1.032262193543326976e-06
1.460133409850755664e-05
1.853149328890340992e-06
1.097383580763121377e-07
1.241000589526704932e-09
2.596293290567210147e-06
4.912470441946072917e-06
8.794106239026655789e-06
1.780415324628119435e-06
1.013983105470000844e-09
1.395464139744275895e-07
1.788969305634498404e-05
8.784027608751940238e-06
2.784624381688223395e-06
4.018765304267572246e-11
2.744485525929707227e-07
3.021144379436428977e-06
6.549214122841141088e-06
8.580363223859641394e-07
8.752063374395942733e-11
2.321021301555043613e-07
7.552381835325040596e-06
1.105913502259103409e-05
5.738879639320103659e-06
7.274874598122254869e-09
2.552824646958586952e-06
3.603085883656488227e-06
2.896198472311079913e-06
1.864340231170608974e-07
5.975701665007180058e-11
3.073397836957966487e-07
6.659894944342146938e-06
6.135940209744367944e-06
1.754612163662217212e-06
5.591666488570650941e-12
1.412918070749134635e-08
1.430612218452475017e-06
5.367080871074921332e-06
2.679266978831161858e-06
1.533526115066569146e-11
2.916533126926890831e-07
4.144823122158277764e-06
8.025371385021582530e-06
1.353669907417097503e-06
4.741234720713885184e-12
1.397718844566827289e-07
1.251139744377058400e-07
1.484649182108132273e-06
1.792336919853402173e-06
9.901939472320798464e-10
2.937251460988014616e-07
1.282121452808580691e-06
7.710311621487213792e-07
9.946528205290202656e-08
4.696944502991001656e-10
8.112168927454578507e-08
7.051721212421061818e-07
4.424294052066922229e-07
1.567393810878337603e-07
3.768874822384800874e-12
3.180403717717703250e-10
1.746566577517546792e-06
1.578898557604179697e-06
8.222244372006375031e-07
2.298520895656258013e-12
4.790514298231011973e-10
7.458976095437019100e-07
8.802536177700837651e-07
5.794047097344763727e-08
5.344297116320633357e-14
9.752044134177286243e-10
1.672990398008193365e-07
5.561307892684595589e-06
8.563764276182920228e-07
2.917320618866565055e-10
1.432283089306452861e-07
2.097203839060499820e-07
3.333739046593339671e-08
2.242260356100901248e-07
9.882537688149064446e-12
5.423084351385384500e-08
3.880760239315277148e-06
5.648060053634203862e-07
1.277417666658410903e-07
4.028008409397051058e-13
2.067734139576796293e-09
8.072276597117061338e-07
1.014645498970348316e-06
7.824084494558744703e-07
6.174163767565554025e-14
9.675690138335047881e-10
7.767812420409043363e-07
2.516975444675290949e-07
6.299098142315591348e-07
5.101185228261524957e-13
1.490408851867490173e-09
1.069258281285763047e-07
1.816658054728710701e-06
7.433471600410624273e-08
4.888244409795966270e-12
4.319835514497954253e-11
1.081419488725324165e-09
1.009146132532632340e-09
9.176422383741286514e-08
2.124254691848260925e-12
1.227070699189881434e-09
5.357391796769659282e-08
2.689329403479199850e-07
5.036984183362488487e-08
2.312182197241097239e-11
2.732653006915894761e-09
5.647587509552400841e-07
3.432395750796662008e-06
7.134910015808831216e-07
9.580820186595007128e-13
5.116614420551145911e-09
8.937779629625331083e-07
4.359079063020356190e-06
2.327295851083600483e-06
9.512464380231188483e-12
9.378594544219966052e-09
1.022182002535415953e-06
5.629883939559939977e-06
3.189295019485740720e-06
5.353872879489880661e-10
1.732269431502476978e-06
6.352045383384097578e-06
3.905968759959935901e-06
7.601966601065224385e-07
2.994222771556348605e-11
1.865269845570250472e-06
1.055672711780185483e-05
6.733888846182277684e-06
4.431286528016013345e-07
2.075802661033657112e-10
9.215026540354688481e-07
5.573230195864525670e-06
1.385966686408549159e-05
2.604774803171439683e-06
1.624322568844613821e-10
2.047546109252120212e-07
1.561211004581610344e-05
1.422081087425075534e-05
5.470218006007436992e-06
1.493718869323206839e-10
4.705251475706330637e-07
8.947783671993476333e-06
2.518951387237778803e-05
3.124314385499548984e-06
2.796388365963422381e-09
3.721512162668263822e-06
6.629478200680155093e-06
7.155459135285785558e-06
7.221189476446913367e-07
1.458186943525736720e-09
6.202415738150939180e-07
1.662408332984269930e-05
5.894788570790294995e-06
7.062804467751755676e-07
1.331284577935747889e-10
4.744577912727715110e-07
1.251642213683226828e-05
4.926862678589189058e-06
1.818318004710638519e-06
5.500966841811125693e-11
2.987512757063666269e-07
6.349761379842451713e-06
1.231322228921162692e-05
1.828869892152311158e-06
1.445606557728629701e-11
1.718254299181689640e-08
1.417266641248627228e-06
7.417057006554082999e-06
1.131642166608303994e-05
3.690629289648179038e-09
5.537080262782660851e-07
3.868352976168369592e-06
1.102344745974074989e-06
7.353501203437454936e-08
3.903003462726781938e-10
6.494729747666802189e-07
7.668942315644471623e-06
1.623745565063611351e-06
1.255057187559107791e-07
3.490489218841566871e-11
2.763404164622638619e-07
1.021323185932927765e-05
1.005579057119916257e-06
4.708739618955346386e-07
1.240637162122186780e-11
3.578596750342715637e-08
4.411263159624141938e-07
7.006351381770399423e-06
1.120935967695215909e-06
3.405807225384323863e-13
2.009161234777650231e-08
2.059152204988228959e-07
6.259727028872186195e-06
2.479295006016600591e-06
2.048793987721779058e-10
1.376669923405797541e-06
2.566921934669045160e-06
1.011294127193792814e-06
4.984042524792833841e-08
6.461742000046631250e-11
1.000665065239442865e-07
3.682976591138783844e-06
2.847914301402974205e-06
2.333204898785880491e-07
1.401315860111068176e-13
4.391357373341264740e-08
9.601262664281682888e-07
1.520370630637585691e-06
3.421155414453765083e-07
1.854699305973928437e-12
5.071243563507365834e-10
2.775226842917389604e-07
1.157738658482075961e-05
1.564753399880975543e-06
6.292541067922811486e-12
1.562017347291444784e-09
2.703821244477086795e-08
4.488253512637690773e-07
1.525743957899324271e-06
