1.223938681080825081e-10
2.928887712606266508e-07
1.013611644756260890e-05
3.079264081568296361e-06
1.335910512034180963e-06
1.095074422438347323e-11
3.478307845577611871e-07
7.923219534800244259e-06
9.299516747876089082e-06
8.653227430539819587e-07
2.041679391314818741e-11
9.906026181821458164e-07
1.238507272468855135e-05
6.059461048272079173e-06
1.545820097889007283e-06
5.092463592360629205e-10
1.225213816288656622e-06
1.416388681429044321e-05
1.362425999985531142e-05
1.385350147054440294e-06
1.845955842084434765e-11
1.110267463085665958e-06
1.801089974048618179e-05
1.095413705407014346e-05
1.326608508543349646e-07
9.207447153764913391e-10
2.047616661095014940e-06
1.042940524717937333e-06
1.143460132335355907e-07
1.455430204961110095e-09
5.881442391648335686e-11
7.070040361280107070e-08
7.014535577859575937e-07
4.917023800098743329e-07
3.898674215176854524e-09
4.414419297310159145e-11
2.007581617005383130e-07
6.312773257412915873e-07
3.570944323719360846e-08
1.504564488881120625e-10
7.350157930681971148e-13
2.459480700917695502e-07
2.155863428628555811e-07
1.823792828580412641e-07
5.063694186650145340e-09
7.148285545698758440e-12
2.176848581873366171e-08
9.804674842674949598e-08
6.551455918937043113e-08
2.248843493424289815e-09
4.554471707664125736e-11
9.726699292717040433e-09
1.091274540653688719e-08
2.290665537954264778e-10
2.794580372435003199e-12
1.812407707250911747e-10
2.427309406574455519e-08
4.999812097509109959e-09
5.513261522367253388e-10
1.685596972535381718e-12
3.061677507170592760e-13
2.343100788153395454e-08
2.095643762156720225e-08
2.581154185924233047e-10
2.579234728945749919e-11
6.446658504250670798e-13
8.958640846493651129e-10
4.576463952424817670e-09
2.126044809236629035e-10
1.145667504963152268e-10
3.911936761890162016e-16
1.910453700574798549e-10
1.345524660115187588e-09
1.267712092478361704e-10
2.608130996433424236e-11
9.520968432335924641e-14
2.639649890961347452e-09
1.836234793718195789e-10
2.659812635656132485e-12
1.298243370997394308e-14
3.924349415471880407e-14
8.010126257998147814e-11
1.281577111427849584e-09
1.312506970324033521e-12
6.395194057789964181e-13
5.825466882869563727e-16
1.676303339643285786e-10
2.634740286346044821e-10
3.604477435273285347e-11
2.927909154981321640e-13
8.494783455563624477e-16
8.944090796086218930e-12
3.270301886584258019e-11
4.097884887606122645e-11
9.699264679009880031e-14
1.386362635147026518e-17
1.042922331166985333e-11
1.127084325799562999e-10
1.037416777523934594e-11
1.145210395904959582e-13
1.342993436162358267e-17
8.366548905820820998e-13
5.641586580238077646e-11
3.143822236427960301e-14
8.001311405352895732e-15
1.462257988730331003e-14
6.308432556075524740e-12
1.361941958736708272e-11
4.269508895528013334e-13
1.790982241025201672e-13
2.836397113948044543e-16
2.467363113240901675e-12
1.781859988920230172e-12
2.728602963346677719e-13
8.965343049248579318e-15
1.274750344619149257e-17
2.419601635564489905e-13
8.080685485944997175e-12
1.035988351020417322e-12
2.449975853328390360e-13
1.489857711127462607e-17
2.262623781905116511e-13
5.123264595940977834e-11
1.121931188048093944e-13
1.942543618774027254e-13
2.349355008501719664e-13
7.429486090187512238e-09
5.135828618295106141e-07
1.225482028236621391e-06
2.095723939553988634e-07
4.604222956165668608e-13
1.142546512365874370e-07
9.869525710233073394e-06
5.335787305642095676e-06
1.934413333911224957e-06
8.114926962788156101e-11
1.083847866326808706e-06
5.546183022390859092e-06
1.500962041857215508e-05
6.610608747783334522e-07
1.124410235061281428e-11
9.165901071261680936e-08
1.093944043274524495e-05
1.150739979911818730e-05
2.056931852436917889e-06
2.948267726698156942e-11
9.598774588252845890e-08
1.162078180308836834e-05
1.771381566940853977e-05
8.484389878373910361e-07
1.554255680387518975e-09
4.253152764710836361e-06
1.445218096004655871e-05
3.536076180847214427e-07
3.505405256290008279e-09
4.587800087055765800e-10
2.115366299267214692e-06
7.793924196135868459e-06
1.412868090544260946e-06
4.523575275152158581e-09
6.211852302209289058e-11
1.630809771439942871e-06
9.718423165955498540e-07
1.866137981520792320e-06
8.291927732524808705e-09
2.979411349093667476e-10
7.671332229124133582e-07
6.509181084387093070e-07
5.942279080391420702e-08
2.761126895124837809e-08
3.487667259110979735e-11
8.484359547922571330e-08
7.061595098122738756e-07
1.009141496395923260e-07
8.338312018024522120e-09
1.667916128208567650e-10
4.427587865637366559e-07
7.312417014656455149e-07
1.867077943402370352e-08
1.270141346141236420e-11
1.947934254696636714e-11
7.587518727043644906e-07
2.730558100022909916e-07
4.985500933332985318e-09
1.430054927215999136e-10
2.698226343223150749e-11
1.873344148879534545e-08
4.954415549160906505e-08
2.929909324109333751e-09
9.810466511050953390e-11
3.870764122837213015e-13
1.822468856257322990e-08
2.366731791160230976e-08
3.446572853912365463e-09
1.983148402665297559e-10
2.287628122712100564e-12
6.935159745052746069e-10
1.690035601315118586e-08
1.093044523258761418e-09
1.124092805862874467e-10
1.539620136799027939e-11
3.438286349028778662e-08
1.277115309003407985e-08
6.928143197366137206e-11
1.849581292202219887e-12
2.046257416301618221e-12
6.017651964349165364e-09
4.472335167839436579e-09
4.105881289698730739e-10
4.513163998283436967e-13
1.534062463272366605e-12
1.193439627070746213e-09
4.747914844178399517e-09
4.287136102147879038e-10
4.136291549292483932e-12
5.104695776063884432e-14
2.494913465506420598e-10
3.835597996775378092e-10
2.332015232005234829e-10
9.619596173496216483e-11
3.779120561445365447e-14
3.029251335567560992e-10
1.684778084132290326e-09
2.359271317242005663e-09
2.452462763570394949e-12
1.245798262286725948e-12
3.995002282207544650e-09
1.015157945142923455e-09
8.420937304967040166e-12
2.187569361669231848e-14
1.474011372945043729e-12
1.889696658566467005e-10
2.569652982021047652e-09
6.167980029678898013e-11
1.065526157921408125e-13
1.504346503416641698e-15
4.288350916230949080e-11
1.080140402597591946e-10
4.111621458645022094e-11
1.698915512183327180e-13
2.416530719965202904e-14
4.245476119015441957e-11
1.830377777039937462e-10
9.507160400572792162e-12
1.004732848658179367e-11
2.367020803425650182e-16
5.777938012737220071e-13
5.082230773402942487e-11
6.900821117179853791e-12
2.298726279930362089e-12
1.166387486592844655e-14
6.352607840165137036e-10
1.786367027197737819e-07
5.191120594276086475e-07
4.963658392039240134e-07
3.886602239711085986e-13
4.184477867585610910e-08
7.551382603739959219e-07
9.136145036605428625e-06
1.514126066464030208e-06
6.246288769060199526e-12
5.594858879457597708e-07
9.556890975778047949e-06
1.345109061859443111e-05
4.046567527006984613e-06
8.999808164941943745e-12
2.599854852049123783e-07
2.275613005279467008e-06
1.111467743881546336e-05
1.240173307164525826e-06
3.978953385267225200e-11
1.222875720053661113e-07
1.406741776369352468e-05
8.789363100081511304e-06
1.367731490805016656e-06
8.822956042387381429e-10
1.379397810912436994e-06
2.400507567066906622e-05
7.386251574142308736e-07
1.500431278781273147e-07
2.021074603728400547e-09
2.013747406337823106e-06
1.046077446582190559e-05
3.871815841696218842e-06
4.673424842030644352e-08
1.008263264275810774e-09
1.661145479156204502e-06
1.112252361977551546e-05
3.374209728040908571e-07
5.838749147436719631e-08
6.382067522053614922e-11
3.945535296080544457e-07
3.714700246221508462e-06
4.100326944487609189e-07
1.494741786371464840e-07
4.817448212184044323e-11
9.942212035781883836e-08
1.535467235253184712e-06
6.005537678091441253e-07
1.221643679673554489e-07
7.076109673260810349e-09
4.178043360385481533e-07
7.194108053434484241e-07
6.172198887004315103e-08
1.743692279377190308e-09
8.859278306560343406e-13
3.742047828065710682e-07
3.022021412911040783e-07
7.848719417687470253e-08
7.479833178908868648e-10
9.048055911487534750e-12
4.863422856365441248e-08
5.717238187680592676e-07
3.241516993683188005e-08
3.209167675387125982e-09
7.360911554963389497e-12
8.280910225117975566e-09
3.797336711411968339e-08
6.240089440481398121e-09
1.335569536254026971e-09
3.151869784408404844e-13
4.846306049441597634e-09
2.821992024054159911e-08
1.626240703636352247e-08
1.258314250823180451e-09
5.011794592945539490e-11
1.681609949156359829e-08
1.611666898155098088e-07
7.213975468032283345e-10
7.360167937095384028e-12
3.344826842872298111e-11
2.822879354212568929e-09
1.304506057385072498e-09
1.477650520600480599e-09
4.772756792736151379e-11
4.305811899469354542e-13
3.315850689026196509e-10
5.831728071929549706e-08
3.701806393883382923e-09
3.716822709790690366e-11
3.482698417595264740e-13
8.684984356595274464e-10
5.577768524477352349e-09
2.416748918981201035e-09
2.758513881743235409e-10
2.646300330587948177e-13
3.254126480825621218e-09
2.511813622162036947e-09
6.521513563134080314e-10
1.657201778898122949e-11
2.581106018690873650e-11
3.594931545119024868e-08
3.500159938779343818e-09
1.203831177542023041e-10
8.007997402784775951e-13
4.131692292301124544e-12
1.441277370338762183e-09
2.808444609459205791e-09
9.434573497764204734e-10
7.883187494871545863e-12
2.705248158606399221e-12
2.894177160062098199e-10
4.709872407817356748e-10
3.950604938521128935e-10
4.786073621739858754e-12
4.432413714017336379e-14
8.500381233001076934e-11
1.893849996616782108e-09
2.061763937811475569e-10
5.255221966683075084e-10
1.099449995120792485e-13
7.685701168688879032e-12
1.066048446360587422e-11
1.389052709998722576e-10
5.049322911361915195e-11
5.225873996515770517e-18
2.341977601460703533e-11
1.082554520142338534e-08
1.916941534278430864e-08
1.697670863653026802e-08
3.328060003023924461e-14
2.157128335410412797e-09
4.885179538644809481e-07
1.616384771996965211e-06
7.546548413481792812e-07
7.052966884482208449e-13
1.368822594930450648e-08
2.446676532652362550e-06
8.238667089692346880e-06
2.444020200994118764e-06
1.664173729992558140e-12
2.538945358335458720e-08
6.998824013028459022e-06
1.002211311026004468e-05
6.693670125874540673e-07
1.785402128723066489e-12
6.647709272462482445e-08
5.576737476453341671e-06
1.013120994769069551e-05
3.035632619151176802e-06
1.529793819978267541e-10
1.955597706834724187e-06
1.919439043419692183e-05
7.325006935578773824e-06
2.974844877340896388e-07
9.264628514584033555e-11
3.596730176179980946e-06
1.008161617797436898e-05
6.199012194769402633e-06
5.100029938623314660e-07
1.582760518580940226e-11
1.941879752446970203e-06
4.994965121600524796e-06
7.422941017333952624e-06
3.277308550117391504e-07
3.304547802044565456e-11
8.186005739874384508e-07
3.390202874633489806e-06
3.958399070784239315e-06
6.076581287326093462e-07
7.290119608437196417e-12
4.927574555676046586e-08
4.569806557918662950e-06
1.057598405390704408e-06
1.238883127504226962e-07
9.571998864818101527e-11
2.757512102901710117e-06
4.685994808161343172e-06
2.022746713110199375e-07
1.934110803533603639e-08
5.111870706019330725e-10
7.390145787614532727e-07
4.567610916567999440e-06
3.124846898999704604e-07
1.654172976556008379e-08
1.081835493850172043e-12
1.006874100508691313e-07
1.125175484068387161e-06
4.523595971735546978e-07
1.809236578595372041e-08
1.637169068267349451e-11
1.069916474437346201e-07
6.868123803694903281e-07
1.504024771476094495e-07
1.801597585859522753e-08
9.209047249367676817e-13
3.121860889236058261e-08
8.863825145637563446e-08
2.747404536095176951e-07
2.563805890190662312e-08
3.973749423946416410e-09
1.129468640559340012e-06
1.267416403759872441e-06
6.434475721333602436e-08
6.718316320162724587e-10
1.177852656865154721e-09
1.200771112653630373e-07
1.198972635551420644e-07
9.888667328407077193e-08
2.406561026053981984e-10
1.741043250840471279e-11
1.964010616529872438e-08
2.369966784540502754e-07
1.273658380021533315e-08
9.263890117325733005e-10
3.216209988415442640e-12
1.265477251246605696e-08
2.440476095609606458e-08
5.595344984912297361e-08
6.932183849047756430e-10
1.657164118897402821e-13
8.788943367268179332e-10
1.413316074560100951e-08
1.069020317138091105e-08
7.465849085939089442e-10
4.861014133386787767e-10
4.013218313050738128e-07
1.659648299637468406e-07
1.811416170303279398e-09
1.630991076774701620e-11
9.944164512006476994e-13
1.730634772639936626e-08
2.181533847738937613e-08
3.106479128280991819e-08
4.782079077596807060e-11
3.559497914844185362e-12
5.983899095582652154e-09
1.713353704618180900e-08
4.880070933170650589e-09
4.287403194579489466e-10
1.492204295317009557e-12
6.090510278756147108e-10
1.745121833125697523e-08
5.076126857357986776e-09
1.364670047707482807e-10
1.422216230476371940e-17
6.663463649272487350e-11
5.168259753138095211e-08
4.591290591030101784e-09
2.935279200228999342e-10
5.043522148141217663e-19
1.288291692195514901e-12
2.954876687361719689e-11
3.052938513767763629e-09
1.101929897650796005e-09
6.793912449187813604e-15
1.546007435996179111e-10
8.028369157433223858e-09
2.310936845122627987e-07
8.738239512234470906e-08
2.217453006647481197e-15
4.691176679897863898e-09
7.542944033870340736e-07
2.394763858747474710e-06
7.203836186662925400e-06
3.467903525121187020e-12
8.757124943243541334e-08
3.160815369985853216e-06
6.147618750869211505e-06
1.493558405829468421e-06
4.711537051084425755e-13
5.591508942494579540e-08
1.379204809414726432e-06
2.857477382166979067e-06
3.731228901114174189e-06
2.336995747609299638e-10
2.666540578417888607e-06
1.392212697719755180e-05
2.876882093445195950e-06
7.205667779977202223e-07
3.893153587229892286e-11
5.771694877120674764e-07
1.523831207237330947e-05
1.184582204851123487e-05
5.166908049947036733e-07
1.875444749708866393e-10
1.328098734056965931e-07
1.300887942479888249e-05
9.096818787205410942e-06
9.009842761178030775e-07
2.813934222510806340e-11
8.461919792056387028e-07
6.471585235144239463e-06
2.897766106586157913e-06
2.728454206797992824e-07
1.014056496139006276e-12
8.347714031189118159e-08
2.860303499529539637e-06
7.552249699608539233e-06
8.263907325011446993e-07
5.152436201443428796e-10
3.412639689874407386e-06
2.193001831194622996e-05
9.119107560133870982e-07
1.366578399523511414e-08
1.807413736929590538e-10
1.170311451230282184e-06
1.912588624302378584e-05
5.108120813028093821e-06
4.024448007961083377e-08
4.065605327731291801e-10
1.351568871100404962e-07
5.215320441127913617e-06
9.549997534749197458e-07
6.349637129469492265e-08
4.441520777667065004e-11
7.897267458152969616e-09
1.136232615459920322e-06
5.328556135463437050e-06
1.528750776462620369e-07
6.534982532796331898e-13
3.531045539097233554e-08
5.778786657791570324e-07
4.743951006005273801e-07
1.586257430793585776e-08
6.677477100952390206e-10
8.012760644555594670e-07
5.691187552723891704e-06
9.502673620740446668e-07
2.281694667989910710e-09
5.120382410796983569e-11
3.509007241219437117e-07
2.935145563720164637e-06
7.276637176286287073e-07
7.069614873948604488e-09
2.521182786964730336e-11
1.878923251435654012e-07
8.830495540136284751e-07
1.012433493518897981e-06
1.323524203971968615e-08
1.798333321849035769e-12
1.498934970869641577e-09
1.770664169467687796e-07
1.892531762580636856e-07
2.929706028166191727e-08
4.680165361964257233e-14
5.585616060817313813e-10
6.977654239612253772e-08
1.444486189101535142e-07
7.524472871423080632e-09
2.686417592069835571e-09
2.750558773989340971e-07
7.863376227414422323e-07
9.094945928503377336e-08
2.669189460848200240e-10
3.206233676140573277e-12
7.219079539979408861e-09
3.242146610612752993e-07
2.761506589457390192e-07
2.170370571990112676e-09
9.868120318067994173e-12
1.918141415797640372e-08
3.279871695258564915e-07
9.949599263338794831e-08
3.402532342440334095e-10
1.217285613377418756e-12
1.756430613114984272e-09
2.474219683227316033e-08
1.529234387297624264e-07
1.372844084295045545e-08
4.601720045049270981e-14
1.112530258184034157e-09
1.931839720436586479e-08
7.041275361848814593e-08
2.147555825434575763e-09
