1.000000000000000000e+06
1.018181818181818118e+06
1.036363636363636353e+06
1.054545454545454355e+06
1.072727272727272706e+06
1.090909090909090824e+06
1.109090909090909176e+06
1.127272727272727294e+06
1.145454545454545412e+06
1.163636363636363531e+06
1.181818181818181882e+06
1.200000000000000000e+06
1.218181818181818351e+06
1.236363636363636237e+06
1.254545454545454355e+06
1.272727272727272706e+06
1.290909090909091057e+06
1.309090909090909176e+06
1.327272727272727061e+06
1.345454545454545412e+06
1.363636363636363763e+06
1.381818181818181882e+06
1.400000000000000000e+06
1.418181818181818118e+06
1.436363636363636237e+06
1.454545454545454588e+06
1.472727272727272706e+06
1.490909090909091057e+06
1.509090909090908943e+06
1.527272727272727294e+06
1.545454545454545412e+06
1.563636363636363531e+06
1.581818181818181882e+06
1.600000000000000000e+06
1.618181818181818118e+06
1.636363636363636237e+06
1.654545454545454588e+06
1.672727272727272939e+06
1.690909090909090824e+06
1.709090909090908943e+06
1.727272727272727294e+06
1.745454545454545412e+06
1.763636363636363763e+06
1.781818181818181649e+06
1.799999999999999767e+06
1.818181818181818118e+06
1.836363636363636469e+06
1.854545454545454588e+06
1.872727272727272473e+06
1.890909090909090824e+06
1.909090909090909176e+06
1.927272727272727294e+06
1.945454545454545412e+06
1.963636363636363531e+06
1.981818181818181882e+06
2.000000000000000000e+06
2.018181818181818118e+06
2.036363636363636237e+06
2.054545454545454588e+06
2.072727272727272706e+06
2.090909090909090824e+06
2.109090909090909176e+06
2.127272727272727061e+06
2.145454545454545412e+06
2.163636363636363763e+06
2.181818181818181649e+06
2.200000000000000000e+06
2.218181818181817885e+06
2.236363636363636237e+06
2.254545454545454588e+06
2.272727272727272473e+06
2.290909090909090824e+06
2.309090909090909176e+06
2.327272727272727061e+06
2.345454545454545878e+06
2.363636363636363298e+06
2.381818181818181649e+06
2.400000000000000000e+06
2.418181818181817885e+06
2.436363636363636702e+06
2.454545454545454588e+06
2.472727272727272473e+06
2.490909090909090824e+06
2.509090909090908710e+06
2.527272727272727527e+06
2.545454545454545412e+06
2.563636363636363298e+06
2.581818181818182115e+06
2.599999999999999534e+06
2.618181818181818351e+06
2.636363636363636237e+06
2.654545454545454122e+06
2.672727272727272939e+06
2.690909090909090824e+06
2.709090909090909176e+06
2.727272727272727527e+06
2.745454545454544947e+06
2.763636363636363763e+06
2.781818181818181649e+06
2.800000000000000000e+06
