1.810093056267518926e-29
1.141050105443763368e-30
2.606344032530124895e-30
1.133327393887984355e-30
3.457856261615850597e-31
8.102710269069802162e-31
1.188879884756958008e-29
3.128947541175814048e-30
4.961174530813953363e-30
7.445603326881504434e-30
2.964011707002412264e-23
3.359168388558389610e-22
2.691855497725059118e-22
6.181670299066842074e-22
6.105254414661443315e-22
4.583687561476953114e-22
9.140496351572279989e-22
7.330480237321053756e-22
1.511688308350357045e-22
4.459850560982546704e-23
6.176855381377064532e-17
3.828507380755829442e-17
1.622002861401159289e-17
1.839120258812001999e-16
9.388276488858978246e-17
3.694354178076011793e-17
1.989408161452493276e-17
5.067106486447759003e-17
1.318717385247919334e-17
2.848385634682182778e-17
1.294930499802119941e-17
5.117706566057243165e-18
1.140729641457451174e-17
5.919821750440581564e-18
1.355448010972444595e-16
7.453175146308062653e-18
1.592578639001952408e-17
4.523350084448976511e-18
5.066765195474296895e-17
1.664944417078026036e-17
1.639240083638825096e-13
9.794484174081887500e-14
2.977877424567532424e-13
8.040226856146653531e-14
2.165461747026246413e-13
6.731245850025400208e-14
1.823832926761707384e-13
1.088264158085550105e-13
1.754851857640690085e-13
2.636208132859227642e-13
1.134143407931496367e-10
1.164749837996660007e-10
5.011452140559913508e-11
6.977301722368457715e-11
1.874543644479897705e-10
3.431230163044279233e-11
2.244461661821639581e-11
4.901956201736243214e-11
5.948018162766629557e-11
1.552553637124369168e-10
3.398484127293255684e-10
6.664222175881396501e-11
1.535562995932312397e-10
8.268903014937675656e-11
7.714853722295635131e-11
4.140923142027760050e-11
1.408794216411403298e-10
2.130553459308498728e-10
1.699312931247702094e-10
2.417450799037191967e-10
1.142323644611692821e-07
3.721525399475807800e-08
1.009011012528763598e-07
3.672814180334481922e-08
5.621427673755249451e-08
5.864499937835074762e-08
5.259768767889276640e-08
3.995332580167420209e-08
6.633721325285856383e-08
4.133732098596347417e-08
2.643381205945281901e-08
4.631245042323504286e-08
6.071906029423416101e-08
2.698366399503223520e-08
3.340970304529947490e-08
4.108839950006785894e-08
4.286726750461856647e-08
4.242459811917238925e-08
3.667012302484059739e-08
4.027678784097214746e-08
5.840346657091310376e-09
1.279622896328685520e-08
1.306400615914931061e-08
1.111895366244005803e-08
1.574449041454013056e-08
8.473022400504447523e-09
8.334084613127264554e-09
1.771633531975713015e-08
7.192017527243577881e-09
1.053578540442447024e-08
1.458438784093756268e-13
1.449434499898491991e-13
8.403015969926406452e-14
6.114111778491001170e-14
4.147846051318993087e-14
1.954364464720017778e-13
1.070776228938741276e-13
1.106204265763022699e-13
7.885010652582458240e-14
1.098321173314980844e-13
5.148615454705653564e-11
2.174018886557492057e-11
7.594750562882233423e-11
7.310803325696929443e-11
6.483169780414199226e-11
4.271302581597855318e-11
3.345152780394991150e-11
2.172737158496384713e-11
1.480466268046271964e-10
1.004461002166529847e-10
3.418573953154242885e-09
5.803363495228157985e-09
5.746016271581172807e-09
4.061589304897725671e-09
3.970514840558745433e-09
4.918425345026454671e-09
6.336234727960407038e-09
7.202263933338992955e-09
4.751853283338901324e-09
3.237586467289463525e-09
1.432351396153726322e-08
2.674435129367439330e-08
1.347091062525074363e-08
1.592288873380325748e-08
9.767936488433554795e-09
1.080039705561523529e-08
1.191839483334107766e-08
2.806844104207098355e-08
2.991620019358790332e-08
1.549918252168739084e-08
1.448566472412867364e-08
2.344427663777548918e-08
2.511829242604914591e-08
1.647632624226405508e-08
3.073910088394663014e-08
2.043946827910059094e-08
1.256532923613060502e-08
2.506789708384140243e-08
2.680773038727439636e-08
9.623543028349860804e-09
1.474736590035535627e-07
1.006971134290302524e-07
9.509713274242041793e-08
1.686856598499378597e-07
9.123799796309561374e-08
5.309951281866758299e-08
1.434633338893462226e-07
1.071019547668934201e-07
4.010872995433337536e-08
6.350575514906538209e-08
5.983242151311984110e-10
3.982165547600659794e-10
4.866164763160349806e-10
2.028882181202691680e-10
5.833159992797290433e-10
6.453201295869903340e-10
3.115636025126080194e-10
2.716954348232899591e-10
3.544660575113749036e-10
4.060860846176191911e-10
5.179591751793814403e-10
1.777036713120215457e-10
2.371126881979058275e-10
3.699652917585168851e-10
3.157779946813711460e-10
1.989230084257241680e-10
2.538841966752426546e-10
2.610349465502695217e-10
2.868276628590694987e-10
2.479487436705557848e-10
1.214072365180261121e-12
6.607981547650302762e-13
3.384140290502700481e-13
7.858027176234427089e-13
1.112512544254569598e-12
1.479500104077060112e-12
8.736163297796173645e-13
9.125607897846003032e-13
7.142942541267510731e-13
5.498495247170730831e-13
1.730118932689088927e-13
1.799629644633972361e-13
2.006569738541618605e-13
1.695888022756447251e-13
4.394588017081086702e-14
1.738154754590512607e-13
1.201101052006063994e-13
1.628767904362195258e-13
1.894956301670941107e-13
1.062548442024573400e-13
7.471723260227505706e-11
8.393802926875435696e-11
5.806721346740025319e-11
4.127383664272865574e-11
5.294642834858573124e-11
5.542192792558850823e-11
1.497352781655440108e-10
7.294491040165477467e-11
1.089725206991494360e-10
6.966907338664125774e-11
2.111120467294567533e-08
1.559826343032336893e-08
2.205806485466366055e-08
5.804381220522763077e-09
1.353932422272584314e-08
1.256528494681622751e-08
1.082948751168817996e-08
7.034323651632271458e-09
1.472279697337982774e-08
8.862680616855512726e-09
3.058758661998306190e-08
4.544222269312417768e-08
3.482059208717785539e-08
3.689036747117780920e-08
3.443189279197321713e-08
4.623335243009295738e-08
3.473418824525113608e-08
4.101468643186189171e-08
4.457772229510815943e-08
1.266445190971844599e-08
3.933369856571945157e-08
3.506554089169246500e-08
5.928364494203183714e-08
2.011690670658703355e-08
2.801499655985906757e-08
2.478448753296089450e-08
4.094457469748248122e-08
2.803061462672136913e-08
3.110729638278996182e-08
3.708075955598064645e-08
6.099079424820350864e-10
2.007676325746858383e-09
8.999234957805440538e-10
2.343959239542358361e-09
2.450110615052529981e-09
1.796725526312073555e-09
2.006470120020952192e-09
1.501183190026200247e-09
1.923937901930778133e-09
2.290280114569401899e-09
1.411574247732581750e-09
1.176495514783789875e-09
1.317396612077328260e-09
5.311300630018398529e-10
9.041926895854991194e-10
1.108101903689287069e-09
6.605723327254120150e-10
7.909240976373948008e-10
1.171955348977904327e-09
7.798861912067135849e-10
5.632638000085664867e-13
2.283823246753765748e-12
9.644979747865619789e-13
2.644842853159904960e-12
9.705817617741901068e-13
6.039727399008205061e-13
1.744816944506713027e-12
2.155427955105406262e-12
1.049737629295847371e-12
2.028635409221982495e-12
5.115566070748115780e-15
6.399300951604082682e-15
3.159586705549436822e-15
4.759265775144819575e-15
3.312273569719584628e-15
2.316905662314585744e-15
9.210593976968390698e-16
5.737712702778810079e-15
8.105706614829020655e-16
2.985357659272882140e-15
8.492019409399201458e-18
1.681417994515595202e-18
6.415939570223547156e-18
3.033668427813122989e-18
5.967323870665782015e-18
1.112694101103355915e-17
1.154855187365142353e-17
1.449387304533600460e-17
7.179063655302783616e-18
6.642373261205345987e-18
4.846103306788657120e-21
2.451693128642572825e-21
6.657179419862517419e-21
5.304421197002028690e-21
3.515513272109015302e-21
3.146495813186659894e-21
1.771686899820036690e-20
1.057309862817721279e-20
7.825586107109878655e-21
6.176380175934443182e-21
3.602615506535384786e-11
1.807749391448299429e-10
1.182322491848427759e-10
1.474800356285233835e-10
2.228502076205204786e-10
1.633771492946216600e-10
1.233349473650051243e-10
1.014832655154027454e-10
3.534344251655133247e-11
5.300648361926928767e-11
7.025825366277662363e-08
8.075942181235936960e-08
8.481799665478237976e-08
1.046345763000641024e-07
7.722350530600033505e-08
7.841072948994614040e-08
7.295687560011305521e-08
7.203133002274968790e-08
1.231211757735445349e-07
1.164164463654796338e-07
2.764602290197901362e-08
2.385312632620072171e-08
2.143190284464475917e-08
2.358245401242972688e-08
3.774695861281346162e-08
1.682913568864631736e-08
1.717924858148910510e-08
3.158538511397264551e-08
2.635989141459476902e-08
2.240508997430440853e-08
5.403172859707361684e-09
3.208132619264187951e-09
5.385544743265003491e-09
3.673319305581522853e-09
3.220288361463741575e-09
1.188077456148983558e-08
2.947975094935257976e-09
6.018345383329821450e-09
3.421535460700646169e-09
3.483101612477958526e-09
5.039337943605275015e-11
1.649857505794131158e-10
1.555661100715124804e-10
1.280760872436100494e-10
1.390785123772300509e-10
1.203394872702101948e-10
1.310769363510742348e-10
6.970231706945753097e-11
6.896735207269920293e-11
8.167507374581958166e-11
1.248132074785330152e-11
4.574576130383660049e-12
1.097100347461008813e-11
1.788433130761195181e-11
1.089079622894223682e-11
7.001741904681729880e-12
3.827033980118035419e-12
6.258115250025949237e-12
4.815855447913320823e-12
5.801347894340734498e-12
1.868854790084395408e-15
5.677207941036137426e-15
1.318869538532299590e-15
3.039356488919050318e-15
3.738898303484533102e-15
4.753585207377262389e-15
2.604838181707362692e-15
1.021383129896019723e-15
4.385438503570127285e-15
1.500300679146085699e-15
3.527250477536362963e-18
2.076784225596226959e-18
8.108639096912606413e-18
7.693503250958578744e-18
5.613670550071156562e-18
7.062586024181623913e-18
1.456675739193584599e-17
4.850968955846789101e-18
4.059461457472473323e-18
4.260106833977738097e-18
5.758663361019377104e-23
3.124110911352782641e-22
4.680280994391362650e-23
2.597123800444009367e-22
6.183000114127681172e-23
4.921026316912606000e-23
8.762437858804326822e-22
1.255288817178613380e-22
1.669827058078214123e-22
1.554810089023676724e-22
2.921694253633612775e-25
2.270232704297986162e-25
5.176034502774665307e-25
1.026348117008487716e-24
1.521530236593778380e-25
1.152892646157040464e-25
9.504132609281981936e-26
1.686890404031771421e-25
2.610207774724179948e-25
1.422930999912127670e-25
9.477265273773666312e-10
1.482142074223283455e-09
2.349734160603140226e-09
7.272736650973970037e-10
8.776474167621436105e-10
9.192793009951751406e-10
1.580384899412629580e-09
1.326803047686678936e-09
1.342895716575002369e-09
2.313801380388041135e-09
3.571354528248651552e-08
4.833836640311484137e-08
8.634123573455424856e-08
7.316201286234864706e-08
1.205529044786041912e-07
5.890081499263725518e-08
8.037341929171164772e-08
1.485299015543481822e-07
3.180079696449350993e-08
8.228713193077683124e-08
1.820227449204757786e-08
3.025822812713362872e-08
1.493149277745400929e-08
1.922779017609285355e-08
1.815251233116194065e-08
1.679871565746163228e-08
2.764690431404627815e-08
1.050532147063547076e-08
4.357612040214706100e-08
2.130530627147758947e-08
8.001661445247299685e-10
1.072439605490303107e-09
1.061766718095935710e-09
1.129617365107489661e-09
5.149661622364328028e-10
8.076640300879595357e-10
1.122138102999497138e-09
1.107718191835431039e-09
7.103797272646195089e-10
9.976828799473412892e-10
7.078986320140005535e-12
7.684004379705476767e-12
6.056587598300189858e-12
2.950591806632277687e-12
6.554519873444860213e-12
4.835331504204377516e-12
7.332955428396256246e-12
1.006743451969590004e-11
3.028104287094137090e-12
3.609091144248683661e-12
1.616596909306829070e-13
1.360997416596001370e-13
1.298500998413639890e-13
1.618413164755367995e-13
1.238260592868358305e-13
2.107558496955360717e-13
7.004610748478327609e-14
8.576723327867241942e-14
1.162988845823593529e-13
6.630995759170917764e-14
1.372381978614672497e-18
2.840228541045666327e-18
8.111883626750485482e-19
2.361065223126942232e-18
1.097439538943177854e-18
1.187495927499602021e-18
9.431897447785746509e-19
1.011405600872986015e-18
1.063987135469470741e-18
3.499554633034535464e-18
1.297173007629544822e-21
1.322937579554203036e-21
5.459605825057352165e-22
3.321242658966072573e-21
3.637496637807310966e-21
2.751642115497590898e-22
3.575095128782337364e-21
3.811986549526603410e-21
5.531997050859554727e-22
1.059867595210876785e-21
5.076900419369821238e-27
3.063443259211766781e-26
6.367649454931256950e-27
6.855362311567902526e-27
1.042767978104351631e-26
1.405675826274383922e-26
1.566761461011688015e-26
2.422181425294645729e-26
9.670892673286879485e-27
8.379519746374612827e-27
2.511543281032858173e-30
2.981742736948716854e-31
9.467481063409816111e-31
5.251947110666856691e-31
1.861021831568110358e-30
1.694302703190023982e-30
2.365057718252486678e-31
1.179594706005578681e-30
2.452143414332435037e-31
7.273669697591291327e-31
1.346847897038623623e-09
5.231227219399610144e-10
1.496537482195915159e-09
1.162652261002697429e-09
1.267092697588731547e-09
2.221371688033809916e-09
1.131071170197938059e-09
2.340878393198433580e-09
5.556897694171095833e-10
4.188720352251787144e-09
1.044415112150554873e-07
1.326317000456806355e-07
1.725548318172719100e-07
8.754120084827865519e-08
1.338527736324781498e-07
1.662405260263918134e-07
1.123509368259849370e-07
1.386279740227644346e-07
1.409682007499095882e-07
1.064495448139151407e-07
1.325669199971995166e-08
8.084954316688270846e-09
9.948908257819791611e-09
1.233904480760380309e-08
1.531149795716834686e-08
7.585725337328754575e-09
1.005465101073715934e-08
8.966234285009248215e-09
1.436962278548441243e-08
2.327693742224877337e-08
6.291229632865449599e-11
7.331601445350246696e-11
7.768289179916538024e-11
6.996368232164592675e-11
1.169843816662790248e-10
1.210871760622825549e-10
9.632062011338487046e-11
1.058128041610726647e-10
1.016286498399629354e-10
7.338942482997217426e-11
1.123488977194863429e-13
5.504620814325232904e-14
9.396411065616012745e-14
6.825176648516058619e-14
2.343035503973841506e-13
1.051744505299731409e-13
1.039298378753499137e-13
1.232500033276203060e-13
2.843966466661491767e-14
3.248712211734599073e-14
8.486786279595314629e-16
2.131533575703089533e-15
1.861086632166284473e-15
5.113876772143461073e-16
9.800709880368614467e-16
4.827132484627366123e-15
1.972756140429566749e-15
1.964923106584623378e-15
1.444471422269011983e-15
1.235724917006466917e-15
7.637607105182151202e-21
3.053129438216388936e-20
4.951729266225991201e-20
1.753014861186351413e-20
3.329169173576134222e-20
2.729545952517690734e-20
2.304700587013089148e-20
2.715203979448262898e-20
8.758485160056320041e-20
4.608835225895451649e-20
1.587237585146403787e-22
1.981037202671785591e-22
1.309888479240888893e-22
5.864848935774858908e-22
7.954572767700755842e-23
8.574847611321805069e-23
2.050113334249539854e-22
1.764584134301358533e-22
1.821666989673756299e-22
4.018422725186717286e-22
1.011554305960072782e-28
9.540452932238025425e-29
3.203114433774352178e-28
2.315240384332683584e-27
1.655172249471923333e-28
9.292127435564268140e-29
1.921491231635675554e-28
1.682947771292706824e-28
1.190975373916671478e-28
4.059737606929488818e-29
1.087616169854627906e-35
3.007802708842604404e-35
3.506887645541161833e-34
9.467568191588553747e-35
6.562734403472589454e-35
2.119892222336805345e-34
1.230171930837492208e-34
3.061665999759010729e-34
1.992023727485279519e-34
2.590356886530222868e-34
1.431620486406087487e-08
4.716259711344678615e-09
5.420861358243662804e-09
3.083996130150965453e-09
6.363196534071050199e-09
6.654767119833331128e-09
7.608073997954736177e-09
7.807967231342840188e-09
5.805762738127219069e-09
3.731242769796239529e-09
1.355516961812110565e-07
7.818577621723902059e-08
9.661630792407249795e-08
9.105617432298554848e-08
8.051323773608192840e-08
1.346673425557031059e-07
9.599301895433839351e-08
3.807761977005633957e-08
9.085200441154654793e-08
6.459702119786814328e-08
1.768011345086753951e-09
1.686895173836779072e-09
1.249858238933061998e-09
1.544596185676451229e-09
1.123241100856005458e-09
1.339623855751224422e-09
1.215415276725963706e-09
5.931134570519061066e-10
3.058673098816495934e-10
9.104257450184241004e-10
3.754030891583230900e-12
1.017424186506952140e-11
5.450449970794433679e-12
6.280498098119467744e-12
7.437210104365136328e-12
4.856089799874056548e-12
8.847703594525075310e-12
3.637808534320950419e-12
3.736886359006271178e-12
3.887288154924011338e-12
4.020364185751035568e-15
1.523262284792087946e-14
9.359009011097079096e-15
2.422958875623974813e-15
1.638868260759354413e-14
6.611070131945481208e-15
5.790533446348067060e-15
6.843383209215557304e-15
8.651139937510919420e-15
1.754887586563449468e-14
2.583050549169266393e-16
3.602778652340356037e-16
3.658976229635119129e-16
4.926584520993528156e-16
4.560247399111162781e-16
1.698364058652837738e-16
4.553012190924971757e-16
6.127360446865407899e-16
4.542129836414185167e-16
1.330025045273798577e-15
2.145817254861519431e-21
5.348655269434286802e-22
5.032458780293961702e-21
3.239777040589359221e-21
3.158077176097135312e-21
1.099867461806938787e-21
2.773909312436779930e-21
1.494351455425500065e-21
6.309873248845796451e-22
9.584393982724842498e-22
6.133336693742408886e-27
2.235862355674474071e-27
1.247080692233846083e-26
5.487891940851728911e-27
7.441164031708840395e-27
1.298668780529245465e-26
4.184960854117635703e-27
4.806061598079861640e-27
8.490449648367452323e-27
1.507815914298733489e-26
1.960281829171223721e-32
2.979931714609750314e-33
1.513897203640517823e-31
3.234547944163366713e-32
9.070287368795160262e-33
2.298082473550422854e-32
1.696265558782413308e-32
1.118187292874337822e-32
1.956939621567272845e-32
1.554294902768493089e-32
3.210333890273592839e-36
2.096343430309820394e-36
6.220228456733010866e-37
1.447926390362278582e-36
9.345254474757974612e-37
1.057300106884223395e-36
3.146127522393498531e-36
1.176202259791538130e-35
8.506822550332726145e-36
1.697913831965171852e-36
3.181112240496721833e-08
4.782196486985532832e-08
6.183201209326712662e-08
5.203473591485870086e-08
4.334030052392966789e-08
7.908337784470034943e-08
3.204686784379156027e-08
4.496014925453871919e-08
3.486548508607924741e-08
4.589769673801456012e-08
1.068886532176879542e-07
1.564468269225520510e-07
1.081850658465089215e-07
5.965563918912086013e-08
1.042869573076853688e-07
1.289078408620390960e-07
7.681231238984100465e-08
8.393758094043110672e-08
9.352622315170822127e-08
1.124058237051109497e-07
5.611122556506538119e-10
5.469040629286183126e-10
4.041859161856784439e-10
5.498699680158865896e-10
5.868920269497133536e-10
5.411477580221810534e-10
4.487881154739362722e-10
9.667026896375871212e-10
4.737427342432666824e-10
3.183297946058378840e-10
1.120069434861849457e-11
4.692641300855190883e-12
7.898988796459856975e-12
7.417170465540972662e-12
6.448273691487727930e-12
6.512048026116730153e-12
1.284201014188855848e-11
5.521044215232228129e-12
7.940272148422137715e-12
7.125828618357020497e-12
3.199405594603071112e-17
9.953261065860902244e-17
3.679176627366703364e-17
2.772827972149960420e-17
2.464615942776065848e-17
4.856679986195655487e-17
7.732834381077810271e-17
3.485574101387430547e-17
4.879810635177669044e-17
6.755365344932098559e-17
5.131658422850958514e-19
4.930496965939341136e-19
5.662467626081884139e-19
1.492160262547811642e-18
4.551526282380723809e-19
5.422324985769637940e-19
2.791115520650984186e-19
8.134460502779359920e-19
3.065349092979870531e-19
3.534275265671763319e-19
2.813626547154237482e-25
9.845021348512362867e-26
3.809011873890929585e-25
1.055655850237359342e-24
1.145802763924790517e-24
5.828522297565828590e-25
3.412542579465429985e-25
6.223272239664048337e-25
6.069045784090774376e-25
7.027217451756738718e-25
1.926145690772337908e-28
1.721612192794301426e-28
3.792298569222905419e-28
4.982457710551130285e-28
1.827941968322894233e-28
2.814683420218498828e-28
3.420193876372509011e-28
2.663517455978473801e-28
1.272132166312633246e-27
6.112227533886197027e-28
5.389188654257087567e-34
2.663474167068262494e-33
1.248760976916194799e-34
5.110658518044364792e-34
2.865024131334964272e-34
5.824807580104822472e-34
3.877183199766361100e-33
1.573229091623166039e-34
2.043467151694806488e-34
1.377516613207998571e-34
7.515203890411859002e-39
2.164667841675964834e-39
2.086024349490168994e-39
1.856669456636266689e-39
1.288088342799558428e-39
1.758834822582744693e-39
2.862652476992184339e-39
2.823970130963430554e-39
2.638935529916263983e-39
1.391181310580862117e-38
3.000716395164687734e-08
2.510295109161406196e-08
5.119043046218264280e-08
4.820762555155338517e-08
3.712450662243057871e-08
4.685689584398467114e-08
3.603965275799536379e-08
6.453893790490102343e-08
5.786671902497753027e-08
3.534284817481597222e-08
1.160856005548163242e-07
1.245049791077940932e-07
5.135420862221618011e-08
1.219743594811364022e-07
1.357417100687235738e-07
8.182556309778395566e-08
1.215406032933461762e-07
5.215144909663678039e-08
8.333319237818303618e-08
1.010434341243358865e-07
2.028434117487301520e-09
3.290427561528341156e-09
1.961914397512231619e-09
2.877370488124590754e-09
9.064001533799564932e-10
1.262073845269270069e-09
1.330849437026599610e-09
2.168682756532902957e-09
1.897943637339698482e-09
4.025063709164266277e-09
1.348278951078956121e-12
8.580679114027672374e-13
1.943382844691049992e-12
4.589447214336081259e-13
1.029397533159759525e-12
5.596176137406813825e-13
6.872201727969747557e-13
9.680736015055611991e-13
8.328876763633838536e-13
7.016735126659484515e-13
1.176820088039572429e-17
1.258617613008899910e-17
2.673491169721638874e-17
9.455536710396163124e-18
2.060212231660006212e-17
3.273979965050038181e-18
1.665199578241131539e-17
1.080986430324047584e-17
3.283770541626545573e-18
4.927707009678119245e-18
2.923180910939421573e-20
2.613016065311871057e-20
1.688939517054777171e-20
5.010922896051656421e-20
1.498421689053722038e-19
3.609576219841249379e-20
5.908662427541778243e-20
4.420873493142634438e-20
1.159376291332086386e-19
6.827123239951225525e-20
5.469587487855398504e-26
5.624214129730692465e-26
7.794785416278773057e-26
2.797701696191225813e-26
1.986218431510536939e-26
2.773876263122403102e-26
7.904878899398154198e-27
1.231275772208884003e-25
1.308186591261824427e-25
4.882162081333306834e-26
1.229451777230079325e-31
9.284311146982445116e-32
4.155606093417267419e-31
9.480843008341080210e-33
1.756397627749036657e-32
5.161353793025063692e-32
2.318093169909761603e-31
7.654408138132045630e-32
2.810457127065858453e-32
2.632838554522934167e-32
5.796633891641037792e-37
5.226926841830649454e-37
7.709475699039721531e-37
1.249131021031416618e-37
1.266790926848320309e-37
1.190267826274000348e-37
1.666327925322814222e-37
1.598816446466836029e-37
2.307928656024714754e-38
1.929903947163734306e-37
1.561585195302801484e-42
5.422688255297638690e-43
1.081395639353195716e-42
1.157420010682214114e-41
5.608744746172871499e-43
3.257561824959816285e-41
3.743009521951944311e-42
2.439981508843094461e-42
1.535445864284398860e-42
1.644640485994452846e-42
5.170264698080876107e-08
4.082245947106564479e-08
1.948376433912256944e-08
1.849430586485975617e-08
2.878198460373585962e-08
2.210356218647923659e-08
2.534198051160489230e-08
1.382914498659969477e-08
5.177234492942774545e-08
2.950975938910497613e-08
7.574478479806761860e-08
3.352969693580034462e-08
4.557687624878446753e-08
5.385003172875510854e-08
4.199882425519877271e-08
4.864289491741444364e-08
4.375345539171356702e-08
3.343924048170234606e-08
4.949960605477370980e-08
5.224397985217209906e-08
9.186145479389116097e-11
9.248659901358855148e-11
1.633754913404532167e-10
1.499291543446373922e-10
8.222278084172419614e-11
1.366626755922600481e-10
1.726548618435602890e-10
1.877367204054022613e-10
1.128086156336914782e-10
9.567711445178600510e-11
4.234735588434755153e-14
4.904456194356111454e-14
1.306316374448229848e-13
1.550864772371466792e-13
1.230592047801991616e-13
8.912412198705411647e-14
8.915954836759714202e-14
9.711688783955569998e-14
3.347895639376030416e-14
2.200029558124490085e-13
1.349804360722182024e-18
7.488006833406987583e-18
1.927535248686015497e-18
3.505621292702576228e-18
2.360838226375939326e-18
1.438926825568204093e-18
1.502045167661013142e-18
3.520970091443676065e-18
1.157520022933868684e-18
9.933075422499829425e-19
4.476586716146690117e-21
6.801545751101506690e-21
6.592623137099013218e-21
3.235987112170215653e-21
3.232602207731074545e-21
6.983076638850542946e-21
7.687602554438020793e-21
9.196649912288044690e-21
6.883202615524543636e-21
9.144650043555193877e-21
3.623983621354589427e-28
3.993607024357120306e-28
5.459333524440676464e-28
1.919345424300774790e-28
1.728075821511897487e-28
1.563526037178062775e-27
2.905248464016523307e-28
5.858436514016648244e-29
7.991985509864417381e-28
4.968804180260286588e-29
2.675403609286901359e-32
1.043770640470580088e-32
5.827766809033765014e-33
5.610139539372781732e-33
5.165573405037682819e-32
2.113065557472810987e-32
4.165197331456356110e-33
1.002981403630033106e-32
5.232397057614414800e-33
8.505141340904350907e-33
1.255661364048936296e-37
4.941336828484073954e-38
2.777250360062151343e-38
1.161755651324682984e-37
4.531538822830349915e-38
4.963982136955925976e-37
3.158256754813948407e-38
3.639103776976767570e-38
4.297086955381499304e-38
2.352241894243518615e-38
1.637129454726763110e-46
2.133342316956173878e-45
2.464313450565163345e-45
1.460371527057116320e-44
2.286476810893414097e-45
3.949561688131796406e-46
6.803618381071315591e-46
2.554573954886371890e-45
9.547821047024717896e-46
1.917116465777861053e-45
