1.981877582663454354e-25
1.699714591038515147e-24
1.605794327436965568e-22
1.459669386534952675e-22
3.131526109866115663e-24
1.674046700457543657e-25
6.312931181527241654e-27
2.982761725670897359e-28
3.089663172069325295e-35
1.323730487374595569e-39
3.714021084923403933e-19
1.507143994867322808e-15
1.848700970446650350e-15
6.731295934061666210e-16
8.241248610055738949e-17
7.229262472334699993e-18
4.196065496254705791e-21
7.432778487972168384e-23
1.044622975930684418e-29
2.454790358474324645e-30
6.444582389908760599e-16
1.898618614602419122e-12
5.291086638631337007e-12
1.188133857842407045e-11
4.224753192576540497e-14
1.009391021225626006e-15
2.595916702412947905e-16
3.763901535472716989e-19
2.734368739447551786e-23
9.217320752517962216e-27
6.352671689974817306e-14
3.738427226692586692e-11
9.450461370280835012e-11
2.662071293117753276e-10
1.582708493006330346e-11
3.047728511825204221e-13
4.764692050882474702e-14
4.637988839690811358e-16
7.174561033855441454e-20
1.636184702481444702e-25
6.888909093864928485e-12
9.859558931678789326e-09
5.390682522048509951e-08
4.809668416734966325e-09
1.238943819884209781e-10
6.912790419946783844e-12
3.007768062982928589e-13
7.420490966088504031e-15
7.472976103146384068e-18
2.562176955099125669e-20
6.679883364805680273e-09
1.238458772212326311e-07
2.470792607117483673e-07
4.629553091214560291e-08
1.383122763644766526e-08
2.105572367520156167e-10
1.988223568400414110e-11
6.536182627131210678e-12
8.343614945202164188e-14
2.562825771814810587e-17
6.547331261525597370e-08
1.622289539839732978e-06
1.437073273861049970e-06
5.234077675840477982e-07
2.408956010002098363e-08
8.624978260303651212e-10
1.413241753762932972e-10
4.462811174775762076e-12
1.373473355118331698e-15
4.253544281479684034e-18
8.780178866945272106e-08
1.174704790137236029e-05
1.494018584043500478e-05
2.780286475320883233e-06
1.656758173279071320e-07
9.497956097652464053e-10
9.616142839096861389e-11
2.120117536731176585e-11
3.775613464650486182e-14
2.506388348758940151e-16
2.798048697756871455e-06
1.595773572388022203e-05
4.185133178164326756e-06
3.232624433499240463e-07
2.753485427662981796e-09
1.769525891203255519e-10
4.190298462003171280e-11
3.622630222766365820e-11
1.627321409491089511e-12
6.016036327411463876e-16
2.429346980673622362e-06
6.810965326410286978e-06
5.287075376028002268e-06
1.140088710374991219e-07
2.900221100635039873e-09
3.263978985384173344e-10
8.276172261995602910e-11
5.194602532903105254e-12
1.566723896334354813e-12
4.441023819156787045e-14
0.000000000000000000e+00
0.000000000000000000e+00
2.033108708656114992e-23
1.065211700685454636e-17
1.506052942869004698e-12
2.841044011943935775e-10
2.377412625402298642e-10
3.336117212292837160e-10
1.971798984740118308e-13
7.642050442901827523e-15
0.000000000000000000e+00
0.000000000000000000e+00
5.134910792744219448e-18
1.630095386542524359e-12
8.958167250030249421e-09
1.435909445999723232e-07
1.097312186356584181e-07
5.606143095182333016e-09
8.867640945088771129e-11
1.653987445996413771e-12
0.000000000000000000e+00
0.000000000000000000e+00
4.881139506306264874e-16
6.969713514497823365e-10
6.770499623196854930e-07
4.103613922514299218e-06
1.951907347463429908e-06
2.541520778416659874e-07
7.164926333899283063e-09
7.647153057359088778e-10
4.857841720627293778e-29
4.230036613106811216e-24
0.000000000000000000e+00
1.646196387133923949e-08
5.462754718085710296e-06
1.316685088509895432e-05
2.734389468065052916e-06
6.139472582547170691e-08
1.468227033848882567e-09
8.265778927459649714e-11
0.000000000000000000e+00
0.000000000000000000e+00
1.582301610531897236e-14
4.199447724627390401e-10
2.043644745035566286e-06
8.554376005889902860e-06
4.874275721259278040e-07
4.078377105227680182e-09
6.075458550031953501e-11
1.974879949575685561e-12
0.000000000000000000e+00
0.000000000000000000e+00
1.150260148728094611e-10
5.065320215849871278e-08
1.523905304460546323e-06
1.084512325371391633e-06
1.215215035807186599e-07
3.666310398120298699e-09
5.044747092900222680e-11
5.842531834361285780e-12
0.000000000000000000e+00
1.825324543753847135e-18
1.722558921348605731e-12
5.839660283339634274e-09
2.336432974360615760e-07
7.471780395347934729e-08
8.373407281878427723e-10
6.774680205457740995e-12
8.179337886713556724e-14
1.032520166138076171e-14
0.000000000000000000e+00
2.416934478360663175e-14
2.894869550256840422e-10
7.496904842740472204e-09
1.534968795016126458e-08
4.160237377585935845e-09
2.537963550774767423e-11
6.996305461035979940e-14
9.635789880610019388e-16
1.302979796895158710e-16
0.000000000000000000e+00
0.000000000000000000e+00
1.565326130583051647e-12
4.290480375894625063e-10
3.791056509548109681e-10
9.747882849485394593e-12
4.208478554806992288e-14
4.313781114802459447e-17
2.197260000866165257e-19
1.502522777197127768e-19
0.000000000000000000e+00
0.000000000000000000e+00
4.617295038229035601e-13
1.292139081500846742e-11
2.776516928484521887e-11
1.119393964372932398e-12
1.387813542696771410e-15
2.308732451562906402e-18
6.373256332794541498e-20
2.810683989013599976e-20
0.000000000000000000e+00
0.000000000000000000e+00
1.072975932419467726e-31
0.000000000000000000e+00
1.659066877701849642e-13
5.883844530167345812e-10
2.617404335895058366e-08
5.494845155795652882e-08
2.343901858278719610e-09
3.965601733843092773e-11
0.000000000000000000e+00
0.000000000000000000e+00
0.000000000000000000e+00
3.392777442280031302e-18
3.913216670109005458e-11
7.697995594682829188e-08
1.803090075548045605e-06
3.567397152669376443e-06
3.001132270504170008e-07
3.707585798529084604e-09
0.000000000000000000e+00
0.000000000000000000e+00
0.000000000000000000e+00
1.341866496233787920e-12
3.386836486649238389e-08
5.918314705773483411e-06
2.441134760485162795e-05
3.227936536828209777e-06
9.585771461322701718e-08
1.629264175369392706e-09
0.000000000000000000e+00
0.000000000000000000e+00
2.547897833332589349e-19
1.746810673430415994e-12
5.322354898327059554e-08
4.341793711719098187e-06
6.685116269382921779e-06
8.705504146642647204e-07
1.001392977366121470e-08
7.029739006206796055e-11
0.000000000000000000e+00
0.000000000000000000e+00
2.449149001854217451e-18
1.652840255993302793e-12
9.089158429012478603e-09
2.985636771982883935e-07
1.047835811608082481e-07
2.563159857766452974e-09
8.796827693491113340e-12
4.013028131480301994e-13
0.000000000000000000e+00
0.000000000000000000e+00
1.117754007991637382e-15
9.184495948485950878e-12
9.924258325173906552e-09
3.992208365522800921e-08
3.602516470309609853e-09
5.184212227014627555e-11
2.282163866656878786e-13
9.181400315551270201e-16
0.000000000000000000e+00
0.000000000000000000e+00
0.000000000000000000e+00
3.105347511569591921e-12
8.336447157011723036e-10
9.446460423807831526e-10
2.476874617891960792e-11
6.347227651035538051e-14
3.268860019036105456e-17
1.906730909532550773e-18
0.000000000000000000e+00
0.000000000000000000e+00
2.281353905989258368e-15
7.333815438677031298e-13
3.026427216919598615e-11
2.648995414254971812e-12
5.135762550287475892e-15
5.277059422944206944e-18
1.086417440479062778e-21
1.527189448338943359e-22
0.000000000000000000e+00
9.643532067086490529e-26
4.940173972122769270e-18
7.044106837607749416e-14
2.254945239821713142e-13
3.495170415649172215e-14
2.119772357332433703e-17
4.989771749385427255e-21
3.607053896695173816e-24
8.393180188703315293e-27
0.000000000000000000e+00
0.000000000000000000e+00
4.130872840784101230e-17
2.029339339686393551e-15
2.754779280041906558e-15
3.887746445778541768e-18
8.892427021951308573e-21
2.765824949548294903e-24
1.927210113840477669e-27
3.545587146324292056e-29
0.000000000000000000e+00
0.000000000000000000e+00
0.000000000000000000e+00
6.014835361625039682e-26
4.681167493496466471e-17
4.647193391108498327e-12
1.075031321121615144e-08
2.727392180810105632e-07
3.784311469002209610e-08
1.399602290121059198e-09
0.000000000000000000e+00
0.000000000000000000e+00
1.953653946841720794e-29
3.378310653130072952e-21
7.183349956168396953e-13
1.519478692672113991e-07
9.914564570296798574e-06
1.434526746724191636e-05
7.696538799652784312e-07
1.040510239464380775e-08
0.000000000000000000e+00
0.000000000000000000e+00
0.000000000000000000e+00
3.285686271125564717e-15
2.107528166866766115e-10
2.626285985057418922e-07
1.287556945689740448e-05
6.659270636794492047e-06
1.328588568704656298e-07
2.662401684010591679e-09
0.000000000000000000e+00
0.000000000000000000e+00
0.000000000000000000e+00
1.728258020524264301e-15
5.885446758991752416e-11
1.764502540931257569e-07
4.510213621445160493e-06
4.141399035178964251e-07
2.583504276177704745e-09
1.207463961195572254e-11
0.000000000000000000e+00
0.000000000000000000e+00
0.000000000000000000e+00
1.639905987977231700e-16
1.351519339587557875e-11
1.988999937007611391e-08
5.981440849307318456e-08
6.274185102096759866e-10
1.890080943905349911e-12
6.511924329578106465e-15
0.000000000000000000e+00
0.000000000000000000e+00
0.000000000000000000e+00
2.572168815749773266e-13
3.424472787783715633e-10
1.324496118788436219e-09
1.304423981475236222e-10
8.480783536923291899e-13
6.814492524444951511e-16
2.850085129650596670e-18
0.000000000000000000e+00
0.000000000000000000e+00
0.000000000000000000e+00
9.279869851154329796e-15
1.830579581576742018e-12
4.050617039855244391e-12
2.936761526116786088e-13
4.695528693524292929e-16
8.403261859172365793e-19
6.324233560837832372e-22
0.000000000000000000e+00
0.000000000000000000e+00
0.000000000000000000e+00
1.293202812281388378e-15
3.894447331135695701e-13
2.304331096383129715e-13
1.945219854675795236e-15
1.233249093679598473e-19
4.901173325931572863e-23
1.510588304816467833e-26
0.000000000000000000e+00
0.000000000000000000e+00
0.000000000000000000e+00
0.000000000000000000e+00
8.754331475703566635e-16
1.435323566524109339e-17
1.268593052814582811e-19
2.979235655093597823e-24
9.941213661218268753e-30
1.304344585982257761e-32
0.000000000000000000e+00
0.000000000000000000e+00
1.343230912196356936e-19
6.663746667365624220e-17
1.168394096742839844e-17
6.781724482206932760e-20
8.721622960285620419e-24
1.255683893773494971e-28
1.646006854579714390e-33
3.462168158964301313e-36
0.000000000000000000e+00
0.000000000000000000e+00
0.000000000000000000e+00
2.793824136385163063e-28
7.468072846689304857e-21
5.706719993846381827e-13
1.569746442219988057e-08
8.193473403094828901e-07
5.043767393848079118e-07
2.491759510023545877e-08
0.000000000000000000e+00
0.000000000000000000e+00
0.000000000000000000e+00
0.000000000000000000e+00
3.180520703522902260e-16
2.727371857558505053e-10
3.843194289048926144e-06
1.940080005276053945e-05
2.104419209521698428e-06
3.919274051993904040e-08
0.000000000000000000e+00
0.000000000000000000e+00
0.000000000000000000e+00
3.545245594063312454e-18
5.135706555590093206e-12
7.362859866417633617e-08
6.829947560856823139e-06
2.965268132950427112e-06
1.723723087962845916e-07
1.323715823693357761e-09
0.000000000000000000e+00
0.000000000000000000e+00
0.000000000000000000e+00
0.000000000000000000e+00
1.582569343104199254e-10
2.887639496745848654e-08
4.813849765621165654e-07
1.929624414540105491e-07
9.641064335298953595e-10
2.550604828612392666e-12
0.000000000000000000e+00
0.000000000000000000e+00
0.000000000000000000e+00
5.269598082987233037e-17
4.328930177255204455e-12
2.082549938138243245e-09
7.361445142345381613e-09
7.031123503556405030e-10
3.728843762951104082e-13
1.260835200775571034e-15
0.000000000000000000e+00
0.000000000000000000e+00
0.000000000000000000e+00
0.000000000000000000e+00
2.989424458277560587e-11
1.305452809326816255e-10
3.357755578296356234e-11
2.530166754720823006e-13
1.370617072373905129e-16
6.331931891781972702e-20
0.000000000000000000e+00
2.376757590044802704e-35
1.675863011670290441e-24
4.841848071113140865e-18
1.776159686970197985e-13
4.350440820591641557e-13
1.530449289243841225e-14
4.041631302999346328e-18
4.113972818402867793e-22
2.106239472367580643e-25
0.000000000000000000e+00
0.000000000000000000e+00
0.000000000000000000e+00
3.399564617415875207e-18
1.044518093157679617e-14
4.431123376046568640e-15
1.677021003695514413e-16
3.630699360363764715e-21
2.241731271922902346e-26
5.676130359344237557e-30
0.000000000000000000e+00
0.000000000000000000e+00
0.000000000000000000e+00
3.152496786200295026e-18
2.628431886619922918e-18
4.804218085184597401e-19
5.286991662948416027e-22
9.572187258182268028e-27
7.078615014992726713e-32
2.316240959940779839e-36
4.800242944228327692e-41
1.226993004271529444e-31
0.000000000000000000e+00
9.840231388682565469e-21
3.341440610198296995e-19
1.386650063274379882e-21
2.729164306311891518e-26
1.483123972481144001e-31
1.821171802776407445e-38
8.207916019140146494e-43
0.000000000000000000e+00
0.000000000000000000e+00
0.000000000000000000e+00
0.000000000000000000e+00
0.000000000000000000e+00
6.556145084103719851e-15
1.065960209521072365e-09
8.737735019891956908e-07
6.660900389477496477e-07
7.162840000547670958e-08
0.000000000000000000e+00
0.000000000000000000e+00
0.000000000000000000e+00
0.000000000000000000e+00
1.137668927816464491e-14
1.366023802802439707e-09
2.732533612916645554e-06
1.671875990315294010e-05
3.545360650699461338e-06
1.101755847532702445e-07
0.000000000000000000e+00
0.000000000000000000e+00
0.000000000000000000e+00
2.620003880777464792e-20
4.413294008604331375e-13
7.175569990495913413e-09
7.580129860419684460e-07
9.026883802388213018e-07
2.978508339038121476e-08
1.517816572890622313e-10
0.000000000000000000e+00
0.000000000000000000e+00
0.000000000000000000e+00
0.000000000000000000e+00
5.856308190209985735e-12
1.803103635292941908e-08
1.649241064790171055e-07
2.080682076285387443e-08
2.755214992756846818e-10
1.026738001999070375e-13
0.000000000000000000e+00
0.000000000000000000e+00
0.000000000000000000e+00
1.470672578029537808e-24
2.561036872842437994e-17
3.465726447299154716e-12
8.245217415334294707e-11
6.590141163677751199e-12
8.175307528405638317e-15
5.432840175814087665e-18
0.000000000000000000e+00
0.000000000000000000e+00
1.774275546767214968e-25
0.000000000000000000e+00
1.437332228609947982e-13
1.287180069053635802e-11
1.058595243526388436e-12
2.626327097111876836e-15
7.312581237481079230e-19
1.318032121658431877e-22
0.000000000000000000e+00
0.000000000000000000e+00
0.000000000000000000e+00
0.000000000000000000e+00
1.672228626866090022e-16
2.396626990603372677e-13
1.567954684849997815e-15
1.281511312788109917e-18
1.753887527348142382e-22
1.610461007712287414e-26
0.000000000000000000e+00
0.000000000000000000e+00
0.000000000000000000e+00
4.967468826855338560e-18
6.742005173058709904e-16
3.131465829810369220e-15
4.026042954199325287e-17
1.068203446350842588e-20
2.579022861243789239e-26
3.557540680384333040e-30
0.000000000000000000e+00
0.000000000000000000e+00
0.000000000000000000e+00
8.838680967505974784e-20
1.847950924356108298e-18
9.961412989515096233e-19
2.212422261440068752e-22
3.246435590290579408e-27
2.656807948621880672e-32
2.605168113072728653e-38
0.000000000000000000e+00
0.000000000000000000e+00
0.000000000000000000e+00
5.565985415570740894e-20
2.255968804844464953e-19
1.830625530306927679e-22
7.485468781206558721e-27
6.283217165296819373e-33
5.594794854572284413e-40
3.926853144512736250e-46
0.000000000000000000e+00
0.000000000000000000e+00
0.000000000000000000e+00
0.000000000000000000e+00
9.861227830640462850e-24
7.756502385208964444e-14
1.272754624748815647e-09
6.705139558472063642e-07
2.380017410959354520e-06
1.387602421108326890e-06
0.000000000000000000e+00
0.000000000000000000e+00
2.534705652032284477e-37
0.000000000000000000e+00
2.887486500795893524e-17
1.006540670289076729e-10
1.254353065406022179e-07
1.033273918613534298e-05
4.800289408110804750e-06
9.338812720593059685e-08
0.000000000000000000e+00
0.000000000000000000e+00
0.000000000000000000e+00
0.000000000000000000e+00
1.598919434748418708e-15
8.874620554850209790e-10
9.613147497520580200e-08
3.927068168965342060e-07
1.330396435130500705e-08
5.267851545106821347e-11
0.000000000000000000e+00
0.000000000000000000e+00
0.000000000000000000e+00
0.000000000000000000e+00
9.148509627974772483e-15
7.055484245360327639e-11
2.776288144944320863e-09
3.165877040280567130e-09
6.914112901835076327e-12
5.725792143013172467e-15
0.000000000000000000e+00
0.000000000000000000e+00
0.000000000000000000e+00
0.000000000000000000e+00
0.000000000000000000e+00
9.425538253796532468e-12
2.953635900011152135e-11
1.639327948293098984e-11
4.751290986478891504e-15
1.186981792740535626e-18
0.000000000000000000e+00
0.000000000000000000e+00
4.147385272121489188e-30
1.170815991199572128e-19
7.050274135340036248e-15
2.301627138040741176e-12
7.881437999670721982e-13
1.315586320593741936e-14
1.570994842480622196e-18
7.436332905618767092e-22
0.000000000000000000e+00
0.000000000000000000e+00
2.794490523674033624e-27
8.264028575357258254e-21
6.131991459480404545e-16
4.341827274373729922e-14
4.779638260276223606e-15
1.999206050657963241e-18
4.654968343306041919e-23
4.115748185563120336e-28
0.000000000000000000e+00
0.000000000000000000e+00
0.000000000000000000e+00
0.000000000000000000e+00
0.000000000000000000e+00
5.474418789554101566e-17
1.126469877326890270e-19
2.824194279608018197e-24
9.346147189579027213e-30
1.478651734258545203e-35
0.000000000000000000e+00
0.000000000000000000e+00
1.960520831993074238e-26
2.411785217432560244e-20
2.201297628154589560e-19
6.710723717536430938e-21
2.417900922647882787e-24
1.272840998265378397e-29
1.833409760236088149e-36
2.543020868437672175e-42
0.000000000000000000e+00
0.000000000000000000e+00
0.000000000000000000e+00
3.645334337073783596e-19
1.522272860450583162e-18
4.447678094702759677e-22
1.574338394332110211e-26
8.677537025073179357e-33
2.506501594638186970e-40
2.450435519586021605e-47
0.000000000000000000e+00
0.000000000000000000e+00
0.000000000000000000e+00
1.764062690695738241e-32
1.179594074828304812e-22
1.308583560218722381e-14
1.949517674370938024e-09
2.029612117507521632e-06
8.076830678835262591e-06
1.441684569461850783e-06
0.000000000000000000e+00
0.000000000000000000e+00
0.000000000000000000e+00
0.000000000000000000e+00
2.260387445820378177e-19
1.436121513423977111e-12
6.675200777684702964e-08
2.173721366588229485e-05
6.433294728217957911e-06
6.339549102283209130e-07
0.000000000000000000e+00
0.000000000000000000e+00
0.000000000000000000e+00
7.953817109116955015e-27
5.271702727634438295e-17
2.007840877988565501e-11
8.844991457239551437e-09
6.493395522287181451e-07
3.805649878651557326e-08
1.278921673251733335e-10
0.000000000000000000e+00
0.000000000000000000e+00
0.000000000000000000e+00
3.352354769941789899e-23
7.395560134520744113e-16
2.835784215578616729e-10
1.818301210491872064e-08
1.591522398568977789e-08
1.971590271185745650e-10
9.244230831888859856e-14
0.000000000000000000e+00
0.000000000000000000e+00
0.000000000000000000e+00
0.000000000000000000e+00
7.706560803789344196e-18
1.061253757460177246e-12
2.692301120455464456e-12
4.306732606154600798e-14
7.356219206011845698e-17
1.069386612209499450e-20
0.000000000000000000e+00
0.000000000000000000e+00
0.000000000000000000e+00
1.714888464741364506e-22
1.204527225887544375e-16
3.347396386860034623e-13
2.184121027366449150e-13
3.437317249050885959e-16
1.247753690691962083e-20
1.847736422511287762e-25
0.000000000000000000e+00
0.000000000000000000e+00
0.000000000000000000e+00
8.080205495890318237e-21
6.115510489872320260e-16
8.399235862830159924e-16
1.525725517732999942e-16
5.666084401641520811e-21
2.779074964494243557e-25
2.929546473054971120e-30
0.000000000000000000e+00
0.000000000000000000e+00
0.000000000000000000e+00
0.000000000000000000e+00
3.416698097084053117e-19
3.982121035435032835e-18
6.079535639032775545e-20
7.770648828580447532e-25
2.372491064145762157e-30
3.271361720868049758e-36
0.000000000000000000e+00
0.000000000000000000e+00
1.146821757080241857e-29
1.421736953391252942e-21
5.443229800058331250e-20
1.720533110719572778e-19
2.606859671969396026e-23
9.914104683734581815e-30
1.758148583079700886e-35
1.889539559105513876e-41
0.000000000000000000e+00
0.000000000000000000e+00
0.000000000000000000e+00
1.753496444954961701e-20
1.526245397321399751e-20
8.741073275312446278e-23
1.626472348230704902e-27
1.446219951656231688e-34
6.065878060679940794e-43
5.956481794506585835e-49
0.000000000000000000e+00
0.000000000000000000e+00
0.000000000000000000e+00
0.000000000000000000e+00
1.241312084746310130e-26
0.000000000000000000e+00
1.045156295737573869e-09
1.550205043884817367e-06
1.071423990227444710e-05
2.640373998715666259e-06
0.000000000000000000e+00
0.000000000000000000e+00
0.000000000000000000e+00
0.000000000000000000e+00
0.000000000000000000e+00
1.030898994376032547e-12
3.104999386145128554e-08
6.559621354256357922e-06
8.602128918868181938e-06
6.120792313075560240e-08
0.000000000000000000e+00
0.000000000000000000e+00
0.000000000000000000e+00
5.259060417372696661e-28
1.450821179702267930e-17
1.278232154524706181e-10
1.372539061827086025e-07
8.593771066488886943e-07
1.652744901283319556e-07
6.438555525384399894e-10
0.000000000000000000e+00
0.000000000000000000e+00
0.000000000000000000e+00
0.000000000000000000e+00
4.511533065130410745e-17
4.287253856020180244e-11
2.029547070161725249e-09
2.893321117888530619e-09
8.370895983518107538e-12
1.273764076476745396e-14
0.000000000000000000e+00
0.000000000000000000e+00
0.000000000000000000e+00
1.101049171964944232e-24
2.853261278861496327e-16
3.085145109035777633e-13
1.294429453873910016e-12
2.967482758190573007e-14
8.816578657628982997e-18
3.984517060326356814e-21
0.000000000000000000e+00
0.000000000000000000e+00
0.000000000000000000e+00
3.661307239919651600e-22
1.142172235412590397e-16
4.747218636418833022e-14
1.841772522926699959e-14
1.084853865888199989e-17
1.223155660232266405e-21
2.118768524572291864e-26
0.000000000000000000e+00
0.000000000000000000e+00
0.000000000000000000e+00
2.394049050885481811e-24
3.774975498182514511e-18
7.623566225413154248e-17
2.072286794213142843e-17
9.224742013732679148e-21
1.651650393345619646e-25
9.576596312186484355e-32
0.000000000000000000e+00
0.000000000000000000e+00
1.492395390124843732e-28
0.000000000000000000e+00
9.064560424982166273e-18
8.914953044551508731e-18
1.677040396015484254e-21
1.044783510536677847e-26
2.553976041891593772e-33
7.775542600747570068e-40
0.000000000000000000e+00
0.000000000000000000e+00
0.000000000000000000e+00
0.000000000000000000e+00
1.791645052519612754e-20
1.101171580464983885e-21
1.241751682972200139e-25
2.444904020000280441e-31
2.913943595428500044e-39
3.356233233697003737e-48
0.000000000000000000e+00
0.000000000000000000e+00
0.000000000000000000e+00
0.000000000000000000e+00
3.375043354293443578e-22
4.196505176426422199e-23
7.529274046878734619e-29
2.665659830749882214e-36
1.967366478956391995e-45
3.817069787076097052e-53
0.000000000000000000e+00
0.000000000000000000e+00
0.000000000000000000e+00
0.000000000000000000e+00
3.934067886402216205e-28
1.445396271759880009e-16
1.091580197181546677e-10
2.738667806704280824e-07
8.638496238599358476e-06
2.410159730548971850e-06
0.000000000000000000e+00
0.000000000000000000e+00
0.000000000000000000e+00
0.000000000000000000e+00
1.469073104198884889e-19
2.115880177572329925e-12
2.138013288549892818e-07
5.665680638739107489e-06
3.494006327589294481e-06
1.838715593289353275e-07
0.000000000000000000e+00
0.000000000000000000e+00
0.000000000000000000e+00
0.000000000000000000e+00
4.220508272780364063e-16
7.190858654610838369e-12
9.306465710019758178e-09
1.359350418615736400e-07
1.154512391693798213e-08
6.885787198721780059e-12
0.000000000000000000e+00
0.000000000000000000e+00
0.000000000000000000e+00
0.000000000000000000e+00
2.975078334251966783e-19
8.385632573588288205e-12
3.597093533395608201e-10
4.072599303320403753e-10
1.543658304706528576e-12
1.904882192541118489e-15
0.000000000000000000e+00
0.000000000000000000e+00
0.000000000000000000e+00
0.000000000000000000e+00
6.024328534608263466e-18
4.682787896157207768e-15
4.515700769854833371e-13
2.067871824460705096e-13
2.156487480507543453e-17
1.680689750354595629e-21
0.000000000000000000e+00
0.000000000000000000e+00
0.000000000000000000e+00
3.216675536407147451e-24
5.784230984643839102e-16
1.087158817787862518e-14
3.553552640025305717e-14
1.416968611640389926e-17
3.227091907210708302e-21
2.866888887076562777e-26
0.000000000000000000e+00
0.000000000000000000e+00
0.000000000000000000e+00
0.000000000000000000e+00
3.494699818547450140e-19
2.949054692061297007e-16
1.164891971378361971e-17
4.641950887943387821e-22
3.055416289234511409e-27
9.345327439846777181e-34
0.000000000000000000e+00
0.000000000000000000e+00
0.000000000000000000e+00
0.000000000000000000e+00
3.586802496050615145e-19
1.931832941743203999e-17
2.808150439861490915e-21
7.018184475770965046e-26
2.243422629060492599e-32
8.605270788155772970e-40
0.000000000000000000e+00
0.000000000000000000e+00
0.000000000000000000e+00
9.082257921924050994e-24
1.242228680126065011e-21
9.582901990769896566e-21
1.102349320659062371e-24
2.772683318235514750e-31
3.553025345194838831e-38
4.767191026047227312e-47
0.000000000000000000e+00
0.000000000000000000e+00
0.000000000000000000e+00
5.211544019051081885e-22
1.208647694512774296e-18
1.068563319429808533e-22
2.833919478158355251e-29
6.304583760762769649e-37
3.454073416873335021e-46
3.374452620445443556e-55
