0.000000000000000000e+00
0.000000000000000000e+00
0.000000000000000000e+00
0.000000000000000000e+00
0.000000000000000000e+00
0.000000000000000000e+00
0.000000000000000000e+00
0.000000000000000000e+00
0.000000000000000000e+00
0.000000000000000000e+00
0.000000000000000000e+00
0.000000000000000000e+00
0.000000000000000000e+00
0.000000000000000000e+00
0.000000000000000000e+00
0.000000000000000000e+00
0.000000000000000000e+00
2.635431651218027096e-20
5.216622771119451471e-20
3.107725572101166197e-17
0.000000000000000000e+00
0.000000000000000000e+00
0.000000000000000000e+00
0.000000000000000000e+00
0.000000000000000000e+00
0.000000000000000000e+00
0.000000000000000000e+00
0.000000000000000000e+00
8.422215674886036796e-18
8.012191497336944683e-15
0.000000000000000000e+00
0.000000000000000000e+00
0.000000000000000000e+00
0.000000000000000000e+00
0.000000000000000000e+00
0.000000000000000000e+00
0.000000000000000000e+00
1.865987583992581844e-16
0.000000000000000000e+00
1.055172923686237923e-14
0.000000000000000000e+00
0.000000000000000000e+00
0.000000000000000000e+00
0.000000000000000000e+00
0.000000000000000000e+00
4.963230844825904061e-22
1.888991142265935394e-18
3.019700430019511057e-16
4.449796646858196395e-14
8.074542394882421984e-12
0.000000000000000000e+00
0.000000000000000000e+00
0.000000000000000000e+00
0.000000000000000000e+00
0.000000000000000000e+00
1.221342257301784918e-20
2.043852644529133880e-17
0.000000000000000000e+00
4.613040683864955903e-12
2.687732311175633777e-11
0.000000000000000000e+00
0.000000000000000000e+00
0.000000000000000000e+00
0.000000000000000000e+00
0.000000000000000000e+00
0.000000000000000000e+00
0.000000000000000000e+00
8.470823834688610328e-16
1.665206993007307222e-14
5.499177964318541668e-12
0.000000000000000000e+00
0.000000000000000000e+00
0.000000000000000000e+00
0.000000000000000000e+00
0.000000000000000000e+00
0.000000000000000000e+00
3.607123484388604405e-18
0.000000000000000000e+00
0.000000000000000000e+00
0.000000000000000000e+00
0.000000000000000000e+00
0.000000000000000000e+00
0.000000000000000000e+00
0.000000000000000000e+00
6.831709211434652526e-23
4.810650801258781363e-20
1.494576395965722777e-18
9.719240004557100490e-16
3.104720354494305475e-15
6.671912640036988403e-15
0.000000000000000000e+00
0.000000000000000000e+00
0.000000000000000000e+00
0.000000000000000000e+00
0.000000000000000000e+00
0.000000000000000000e+00
0.000000000000000000e+00
0.000000000000000000e+00
8.412229564407106249e-16
2.602922839357906649e-15
0.000000000000000000e+00
0.000000000000000000e+00
0.000000000000000000e+00
0.000000000000000000e+00
0.000000000000000000e+00
0.000000000000000000e+00
0.000000000000000000e+00
0.000000000000000000e+00
1.193837179852898889e-09
2.510006496151136283e-08
0.000000000000000000e+00
0.000000000000000000e+00
0.000000000000000000e+00
0.000000000000000000e+00
1.965306533365347072e-17
3.613876490858834845e-16
1.028791766429746379e-12
1.104822510159419759e-09
1.372867510007997848e-07
8.665022254460611105e-07
0.000000000000000000e+00
0.000000000000000000e+00
0.000000000000000000e+00
0.000000000000000000e+00
0.000000000000000000e+00
8.521755979445690108e-14
3.489884618878915760e-09
1.063504243309334420e-07
3.406104242951145389e-06
5.739019872560111237e-06
0.000000000000000000e+00
0.000000000000000000e+00
0.000000000000000000e+00
0.000000000000000000e+00
7.622871574426598718e-18
7.301788847743073921e-14
1.103312090607772524e-10
2.022821739001322085e-08
2.162551709951284072e-07
2.893508039080714465e-07
0.000000000000000000e+00
0.000000000000000000e+00
0.000000000000000000e+00
3.460664455329181611e-18
4.137472572294387674e-14
6.165665377162256257e-13
1.281265598233009661e-10
3.910137281599507864e-10
2.346337772542691349e-09
5.295024160272273017e-10
0.000000000000000000e+00
0.000000000000000000e+00
0.000000000000000000e+00
0.000000000000000000e+00
0.000000000000000000e+00
0.000000000000000000e+00
4.505720421981622865e-11
9.734695084708984391e-11
3.514708284117312069e-11
1.811895049679887196e-11
0.000000000000000000e+00
0.000000000000000000e+00
0.000000000000000000e+00
0.000000000000000000e+00
8.513667996817958473e-16
1.739480527372929576e-14
3.322953270028620476e-14
1.178399891331434654e-13
3.655982945618021559e-14
1.121630393183682055e-15
0.000000000000000000e+00
0.000000000000000000e+00
0.000000000000000000e+00
0.000000000000000000e+00
0.000000000000000000e+00
7.382550381731997914e-16
4.612367762331422449e-15
1.227834278320332998e-15
1.488280399447973898e-16
4.095373864919929219e-18
0.000000000000000000e+00
0.000000000000000000e+00
0.000000000000000000e+00
0.000000000000000000e+00
0.000000000000000000e+00
2.249132217784379799e-19
9.967524487939226089e-19
6.939054275706128320e-20
2.617287147746793261e-21
4.740660171054985865e-23
0.000000000000000000e+00
0.000000000000000000e+00
0.000000000000000000e+00
0.000000000000000000e+00
2.141646075126625362e-20
2.278475582221562246e-19
2.386486273404799847e-19
7.302714017234716647e-21
2.247894040561671880e-22
5.480707208576470466e-25
0.000000000000000000e+00
0.000000000000000000e+00
0.000000000000000000e+00
8.268164795391479984e-25
0.000000000000000000e+00
1.741552107284058403e-14
1.474401548916006974e-10
8.226562429748241421e-09
2.068683159737872731e-07
2.902669560789822095e-06
0.000000000000000000e+00
0.000000000000000000e+00
0.000000000000000000e+00
0.000000000000000000e+00
0.000000000000000000e+00
9.589701217156972843e-12
4.996241592087271116e-09
1.114133642619149229e-06
2.482451756321616657e-05
5.841362087797556289e-05
0.000000000000000000e+00
0.000000000000000000e+00
0.000000000000000000e+00
0.000000000000000000e+00
5.690279932194443182e-13
8.011611183869086537e-10
1.384209219319474581e-08
8.485633684597528719e-07
8.017983886244149124e-06
5.746813881993900450e-06
0.000000000000000000e+00
0.000000000000000000e+00
0.000000000000000000e+00
0.000000000000000000e+00
0.000000000000000000e+00
1.424352699551483833e-09
1.883474556355330176e-08
1.450095266022343645e-07
1.165582346980831620e-07
2.996218826609784976e-08
0.000000000000000000e+00
0.000000000000000000e+00
0.000000000000000000e+00
7.117663256299694865e-15
7.952005383970692879e-13
4.538471867219698878e-11
1.918303790710561755e-10
2.546882905782668797e-10
2.118256524118105538e-10
2.834491832992175109e-11
0.000000000000000000e+00
0.000000000000000000e+00
0.000000000000000000e+00
0.000000000000000000e+00
0.000000000000000000e+00
1.189417126615554450e-11
9.456754173866958102e-12
6.069901950773769837e-12
7.302486953797107952e-13
9.638633060433894439e-15
0.000000000000000000e+00
0.000000000000000000e+00
0.000000000000000000e+00
0.000000000000000000e+00
2.541959212660582348e-13
2.422235956520272051e-13
1.329566807998527925e-13
9.532515915128946098e-15
4.484845187906896229e-17
8.705241631195715093e-19
0.000000000000000000e+00
0.000000000000000000e+00
0.000000000000000000e+00
0.000000000000000000e+00
5.266226467361990193e-15
4.633965370153452266e-15
9.197587595092786284e-17
6.910269002611476306e-19
4.566496020857948105e-22
8.297166557202548896e-25
0.000000000000000000e+00
0.000000000000000000e+00
0.000000000000000000e+00
0.000000000000000000e+00
4.203733037661663109e-17
3.116809978450069950e-18
5.444579824649751282e-20
3.728816135632637859e-22
4.686148089848312669e-25
7.367381418916836679e-29
0.000000000000000000e+00
0.000000000000000000e+00
0.000000000000000000e+00
0.000000000000000000e+00
6.133047124785644710e-19
3.377418405071920475e-21
8.383135867880503790e-24
3.672178221139761917e-26
1.426524242963847872e-29
9.150059990731396593e-34
0.000000000000000000e+00
0.000000000000000000e+00
0.000000000000000000e+00
0.000000000000000000e+00
1.364753746645769495e-19
1.314882067849087124e-15
4.667601921119089743e-11
1.507918150330776178e-08
1.138840869243466414e-06
5.096023578006774335e-06
0.000000000000000000e+00
0.000000000000000000e+00
0.000000000000000000e+00
0.000000000000000000e+00
2.108013633421755324e-12
1.443856095706610655e-09
4.335301122582090745e-07
1.193202671864001471e-05
5.417192413404477435e-05
3.993885117412458740e-05
0.000000000000000000e+00
0.000000000000000000e+00
0.000000000000000000e+00
0.000000000000000000e+00
0.000000000000000000e+00
4.361818580819027942e-09
1.353218262236771846e-07
5.546373050573044285e-06
5.484481747401122330e-06
1.798363959910321587e-06
0.000000000000000000e+00
0.000000000000000000e+00
0.000000000000000000e+00
0.000000000000000000e+00
0.000000000000000000e+00
1.467610094942832691e-09
2.378662664589288691e-08
2.058573528758401619e-07
7.369584302969285895e-08
3.114774395345372125e-09
0.000000000000000000e+00
0.000000000000000000e+00
0.000000000000000000e+00
4.745147195980690054e-13
0.000000000000000000e+00
9.529690482181502097e-11
1.503421178529781844e-09
7.197220088442882000e-10
3.510888676980795856e-11
5.817367559060356918e-13
0.000000000000000000e+00
0.000000000000000000e+00
0.000000000000000000e+00
0.000000000000000000e+00
0.000000000000000000e+00
6.605344823434028761e-11
9.596581516730416479e-12
6.990878459676795730e-13
2.543710455457221008e-15
2.255462510875793291e-18
0.000000000000000000e+00
0.000000000000000000e+00
0.000000000000000000e+00
0.000000000000000000e+00
0.000000000000000000e+00
0.000000000000000000e+00
3.344172553145092110e-14
2.043763678720930112e-16
2.171570181077907135e-18
7.415563060837002494e-22
0.000000000000000000e+00
0.000000000000000000e+00
0.000000000000000000e+00
0.000000000000000000e+00
0.000000000000000000e+00
6.484874318787512912e-15
6.131067696329140125e-17
1.221286495868608759e-19
6.585466991241024073e-23
2.423155063022753158e-27
0.000000000000000000e+00
2.841377089040800954e-18
0.000000000000000000e+00
2.608256375197510236e-13
1.284950790576424569e-15
7.566949707535040600e-18
7.041824046524010000e-21
1.977454121265709931e-24
1.993917280934486033e-29
4.257768472844205913e-34
0.000000000000000000e+00
0.000000000000000000e+00
0.000000000000000000e+00
1.909319278192223633e-14
1.541533656600942752e-17
6.007936917231424207e-21
2.128725861590682533e-24
2.633467961609799451e-29
3.088931182850104230e-34
2.719774890170556859e-39
0.000000000000000000e+00
0.000000000000000000e+00
0.000000000000000000e+00
1.051796213848652184e-22
2.180056540304338803e-17
2.853661307278098993e-12
5.981342325538944009e-10
3.979208160986642119e-08
5.102329702805278253e-06
1.871656896601183893e-05
0.000000000000000000e+00
0.000000000000000000e+00
0.000000000000000000e+00
0.000000000000000000e+00
2.503835446400121042e-12
6.079496165348065322e-09
6.249913922254915596e-07
3.219299072225500683e-05
7.462704505323736106e-05
3.641653705356852583e-05
0.000000000000000000e+00
0.000000000000000000e+00
5.669443407374036746e-19
0.000000000000000000e+00
0.000000000000000000e+00
2.054786255133683781e-07
3.299511748707683082e-06
7.330623076910901793e-06
3.008355154043842872e-06
1.042574847499125603e-07
0.000000000000000000e+00
0.000000000000000000e+00
0.000000000000000000e+00
0.000000000000000000e+00
2.658815889603599561e-09
6.435215833541891625e-08
2.317834728404781529e-07
2.824343427925648604e-07
1.642329825478374182e-08
2.689345817291784220e-10
0.000000000000000000e+00
0.000000000000000000e+00
0.000000000000000000e+00
0.000000000000000000e+00
0.000000000000000000e+00
5.563575147327269878e-09
4.865651261101354459e-09
9.413694909606019811e-10
7.384072705600461883e-12
2.727147056001221519e-14
0.000000000000000000e+00
0.000000000000000000e+00
0.000000000000000000e+00
0.000000000000000000e+00
3.046577188469655827e-10
6.168727506974344472e-10
4.817099262342282548e-11
4.259297492560399879e-13
1.276045963173375647e-15
2.849284223306038981e-19
0.000000000000000000e+00
0.000000000000000000e+00
0.000000000000000000e+00
3.587536013882637644e-12
2.568133146125764640e-10
5.592598827026994325e-12
1.020076163153867815e-14
4.344764706564965781e-18
1.934094153155666722e-21
2.923274026890104785e-25
0.000000000000000000e+00
0.000000000000000000e+00
0.000000000000000000e+00
2.095354380824690081e-12
0.000000000000000000e+00
4.253137638710075586e-14
1.980284045424569294e-16
1.041152715054998001e-20
1.592784209663695906e-25
6.082679534407882426e-31
0.000000000000000000e+00
0.000000000000000000e+00
0.000000000000000000e+00
0.000000000000000000e+00
1.086806289271970566e-14
6.629015168212878698e-18
2.476395834379392511e-22
1.682875872544148187e-26
1.671178254737343410e-31
7.423490819030590334e-38
0.000000000000000000e+00
0.000000000000000000e+00
0.000000000000000000e+00
0.000000000000000000e+00
0.000000000000000000e+00
6.900098997788188754e-20
1.352262982788996175e-25
3.411646518974263599e-31
2.760672308357835095e-38
2.174820648809572773e-44
0.000000000000000000e+00
0.000000000000000000e+00
0.000000000000000000e+00
0.000000000000000000e+00
0.000000000000000000e+00
0.000000000000000000e+00
5.927989858669284890e-09
3.904293371904167783e-07
6.918727275427377544e-06
2.073460379329736126e-05
0.000000000000000000e+00
0.000000000000000000e+00
0.000000000000000000e+00
0.000000000000000000e+00
0.000000000000000000e+00
1.402286256848389103e-08
3.699271403031195818e-06
2.111339493786175767e-05
3.294935095008882003e-05
1.092260084531412707e-05
0.000000000000000000e+00
0.000000000000000000e+00
8.559271151910477941e-19
3.205442244876064236e-12
0.000000000000000000e+00
6.360138276878713283e-07
1.803972547033076479e-06
1.496547775135904920e-06
4.128925411573336628e-07
2.837606879621474960e-08
0.000000000000000000e+00
0.000000000000000000e+00
0.000000000000000000e+00
0.000000000000000000e+00
1.494059501611631095e-09
3.632579021339020102e-08
2.005303576238852219e-07
5.784946535851254811e-08
2.085703502741194890e-09
7.253388506458792221e-12
0.000000000000000000e+00
0.000000000000000000e+00
0.000000000000000000e+00
0.000000000000000000e+00
6.801579508443813417e-10
2.079326479713960664e-09
1.974871005578119482e-09
7.047547009246592675e-11
9.641286358914667957e-14
1.523866070907012860e-16
0.000000000000000000e+00
0.000000000000000000e+00
0.000000000000000000e+00
0.000000000000000000e+00
5.229455776673832385e-09
0.000000000000000000e+00
2.204815519203102163e-11
1.305193069492609057e-14
7.529563233255484552e-18
2.668938456453689754e-22
0.000000000000000000e+00
0.000000000000000000e+00
0.000000000000000000e+00
2.391337667825283333e-09
1.237948175932257663e-09
1.537240457017582170e-11
4.824923495355806244e-14
6.283159318195754978e-18
6.647011698878588553e-22
5.766865577467039031e-27
0.000000000000000000e+00
0.000000000000000000e+00
5.348203473714077619e-13
4.050169875349714433e-09
8.399429226084532608e-09
2.591982158462888136e-12
2.401173837817557561e-15
8.783391801208441113e-20
1.495152730728552498e-25
9.760774514523812791e-31
0.000000000000000000e+00
0.000000000000000000e+00
0.000000000000000000e+00
4.179629871470639458e-10
3.645380493172237814e-12
9.253165014167831962e-16
3.149116524350654347e-21
3.399530637435027617e-26
6.475463366593712734e-32
1.043319449724904722e-38
0.000000000000000000e+00
0.000000000000000000e+00
0.000000000000000000e+00
0.000000000000000000e+00
2.051088670795340972e-13
1.834151709818141477e-19
3.505640651451371778e-25
2.460642778440806717e-32
5.939169355018815048e-40
2.678416337161030718e-48
0.000000000000000000e+00
0.000000000000000000e+00
0.000000000000000000e+00
0.000000000000000000e+00
0.000000000000000000e+00
0.000000000000000000e+00
8.139929367822832007e-10
4.883819459885258813e-07
1.795180142470547668e-05
1.943493214884572533e-05
0.000000000000000000e+00
0.000000000000000000e+00
0.000000000000000000e+00
0.000000000000000000e+00
0.000000000000000000e+00
1.297660511645274896e-08
1.529944321220181243e-06
3.212341513253828015e-05
4.702292251339154167e-05
7.479884321086622180e-06
0.000000000000000000e+00
0.000000000000000000e+00
0.000000000000000000e+00
0.000000000000000000e+00
0.000000000000000000e+00
2.070196631459593728e-07
3.602152477786717727e-06
2.902412111002691383e-06
2.099805817252449832e-07
4.432362428807768509e-09
0.000000000000000000e+00
0.000000000000000000e+00
0.000000000000000000e+00
0.000000000000000000e+00
0.000000000000000000e+00
5.666925382508057634e-07
5.808207230321147094e-08
1.758954088702718244e-08
5.597681445997078159e-11
6.154985746764553645e-14
0.000000000000000000e+00
0.000000000000000000e+00
0.000000000000000000e+00
0.000000000000000000e+00
5.887384210359044620e-08
1.781297263304692753e-07
3.351156460507380371e-09
1.009424853671684221e-10
1.321130939773672553e-13
6.930099661834671016e-17
0.000000000000000000e+00
0.000000000000000000e+00
0.000000000000000000e+00
0.000000000000000000e+00
2.028070247506707653e-08
1.234175297204264653e-08
3.479176313509524759e-11
1.114795190628036275e-13
1.129771062696737056e-17
2.162774163324500045e-21
0.000000000000000000e+00
0.000000000000000000e+00
0.000000000000000000e+00
1.256215493790088296e-08
2.929097039140298073e-08
1.094210798654959589e-09
9.006077647419128622e-13
5.101426552521468975e-17
4.481154301602433794e-22
8.044674027296163083e-28
0.000000000000000000e+00
0.000000000000000000e+00
1.862166074135875794e-13
0.000000000000000000e+00
6.183370314148373075e-09
2.337140542733417632e-12
1.483938410303913163e-17
1.177041757665971596e-22
1.462331494333990061e-28
3.161115944885563813e-35
0.000000000000000000e+00
0.000000000000000000e+00
0.000000000000000000e+00
0.000000000000000000e+00
0.000000000000000000e+00
6.120747608548867733e-17
2.315270569763804331e-22
9.218003308388197751e-29
6.597173629584014597e-36
1.577682314164809868e-43
0.000000000000000000e+00
0.000000000000000000e+00
0.000000000000000000e+00
0.000000000000000000e+00
0.000000000000000000e+00
7.994053336421762696e-18
2.067099773890150130e-24
1.189707545496116541e-31
8.071928717058084788e-40
3.664067038565831531e-48
0.000000000000000000e+00
0.000000000000000000e+00
0.000000000000000000e+00
0.000000000000000000e+00
0.000000000000000000e+00
8.024216848527020774e-11
7.937945210315922028e-09
2.411766659017653655e-06
2.390423318921987343e-05
2.695758863067467581e-05
0.000000000000000000e+00
0.000000000000000000e+00
0.000000000000000000e+00
0.000000000000000000e+00
0.000000000000000000e+00
2.635630426602194312e-09
1.137501599375616858e-06
2.293738039726280289e-05
5.582926692903975453e-05
8.252954179688107040e-06
0.000000000000000000e+00
0.000000000000000000e+00
0.000000000000000000e+00
0.000000000000000000e+00
1.003880365881299239e-09
8.624758189006761276e-07
6.783568361030540247e-06
3.500230325467156628e-06
2.139427276270269002e-07
1.521432674169905863e-09
0.000000000000000000e+00
0.000000000000000000e+00
2.295691110856815807e-20
3.555010033237586202e-12
5.191974303730724704e-09
4.419773151234762731e-07
5.229071736834672628e-07
1.234800813343374508e-07
1.869539925360582210e-09
1.343447698247514657e-12
0.000000000000000000e+00
0.000000000000000000e+00
0.000000000000000000e+00
0.000000000000000000e+00
2.099383739809464938e-08
2.775324919924118797e-08
6.620404061100782078e-10
9.396757402678065645e-13
5.319898412741818620e-16
7.358612374816904112e-20
0.000000000000000000e+00
0.000000000000000000e+00
0.000000000000000000e+00
0.000000000000000000e+00
1.809900236944829608e-07
1.100289703546748593e-08
4.715680689902044721e-11
4.734370526677645597e-15
1.081566447371872970e-19
4.045856268832835748e-25
0.000000000000000000e+00
0.000000000000000000e+00
0.000000000000000000e+00
4.354370484517981713e-09
4.571907273782676657e-08
2.992772294193647985e-10
1.247182367749380401e-13
2.817228159457216081e-19
1.387344433693607742e-24
7.743142837226953143e-31
0.000000000000000000e+00
0.000000000000000000e+00
0.000000000000000000e+00
2.064904266558637453e-09
3.946859124893044602e-09
3.595428616346423438e-13
2.216061036688150108e-17
1.049941321037349767e-23
1.196371282673719869e-29
2.043376614956444083e-36
0.000000000000000000e+00
0.000000000000000000e+00
0.000000000000000000e+00
5.307589054825607062e-09
4.275503509814084326e-10
4.147587465433866868e-15
4.497431448206795155e-21
2.124859164888186736e-28
1.403438961745069811e-35
1.468530110674915110e-42
0.000000000000000000e+00
0.000000000000000000e+00
2.979675727996829321e-10
4.416752317930427432e-08
6.361095444977394768e-11
6.806737658271942324e-17
2.485878845230439978e-24
1.003893841964404586e-32
7.031447071124967624e-42
4.409306524916382594e-50
0.000000000000000000e+00
0.000000000000000000e+00
0.000000000000000000e+00
0.000000000000000000e+00
2.826066377627367559e-15
1.685290160457064779e-11
4.479942906961847713e-07
1.385575447724364427e-05
4.461059310912053420e-05
1.904623029451310445e-05
0.000000000000000000e+00
0.000000000000000000e+00
0.000000000000000000e+00
0.000000000000000000e+00
1.182526156759425737e-12
0.000000000000000000e+00
2.808815932063679819e-06
9.465176889082112162e-06
2.916464123148130826e-05
4.206053124532169681e-06
0.000000000000000000e+00
0.000000000000000000e+00
0.000000000000000000e+00
0.000000000000000000e+00
1.257421160843079628e-09
4.908141992467910670e-06
1.226548456226516222e-05
1.613576723683587234e-05
1.031501156770813696e-06
3.810477850297275472e-09
0.000000000000000000e+00
0.000000000000000000e+00
0.000000000000000000e+00
7.370684122741785023e-12
2.846384504539391197e-07
1.188120604051009484e-06
9.734049895182698804e-07
4.098933388089339462e-08
7.021950328720315253e-11
2.827681283309744809e-13
0.000000000000000000e+00
0.000000000000000000e+00
4.174608694322763610e-18
5.168366585093924701e-10
2.039039136901751503e-07
3.841636250778261691e-07
7.487791919189424337e-09
1.531790630666762180e-12
7.835209706651349820e-17
6.605313999627328189e-21
0.000000000000000000e+00
0.000000000000000000e+00
0.000000000000000000e+00
0.000000000000000000e+00
0.000000000000000000e+00
4.567521803396310658e-09
7.664784348787531005e-12
6.173562248482803805e-16
8.728556720049263846e-21
6.600011076720117619e-26
0.000000000000000000e+00
0.000000000000000000e+00
0.000000000000000000e+00
9.519725296652957908e-09
7.824809782283798855e-08
5.507064210781980097e-10
8.709043204653553181e-14
2.697229299858720587e-19
1.671501984514995866e-24
1.544341072691275482e-31
0.000000000000000000e+00
0.000000000000000000e+00
0.000000000000000000e+00
2.190623104798228756e-08
3.621135549473441799e-08
3.018034854332307353e-12
8.064207061462191779e-18
1.341001126454485951e-24
2.410538272917655207e-32
5.778874070073116545e-40
0.000000000000000000e+00
0.000000000000000000e+00
0.000000000000000000e+00
0.000000000000000000e+00
2.225235028562604577e-09
3.315166001088378097e-15
8.553653811319083640e-22
2.442439613600785715e-29
1.539916929313056721e-38
1.193583114770932775e-47
0.000000000000000000e+00
1.840197776684998841e-19
0.000000000000000000e+00
4.498354736219962509e-08
3.694782078023034583e-11
3.393287060701258913e-17
1.725854802464587441e-25
2.555267550917988733e-34
1.259579811591620192e-44
4.469726930811971592e-54
0.000000000000000000e+00
0.000000000000000000e+00
0.000000000000000000e+00
0.000000000000000000e+00
0.000000000000000000e+00
1.450293881249501482e-12
6.422493507635745280e-09
1.455837932959887654e-06
6.543652154945956654e-06
9.403540999841597550e-06
0.000000000000000000e+00
0.000000000000000000e+00
0.000000000000000000e+00
0.000000000000000000e+00
0.000000000000000000e+00
9.096728115674221286e-08
3.711162924590785482e-06
2.958603609615154077e-05
6.100104157787456026e-06
4.138847017762646720e-07
0.000000000000000000e+00
0.000000000000000000e+00
0.000000000000000000e+00
4.307639293957541662e-14
2.623005732054298819e-08
1.759576790599270450e-06
1.215340721867947384e-05
4.375182472259268315e-06
4.000289811434310656e-08
6.090549398035307378e-11
0.000000000000000000e+00
0.000000000000000000e+00
0.000000000000000000e+00
0.000000000000000000e+00
0.000000000000000000e+00
2.825405620242888537e-06
8.757893644657247656e-07
1.339737236910358358e-08
1.617587232926227787e-11
2.179763224376217188e-14
0.000000000000000000e+00
0.000000000000000000e+00
0.000000000000000000e+00
1.461581023154962682e-10
1.218172709516995071e-06
3.943877213489468871e-07
2.288814806113565306e-09
9.072007055737270755e-12
1.875314653381126814e-16
7.995644898890715437e-21
0.000000000000000000e+00
0.000000000000000000e+00
0.000000000000000000e+00
0.000000000000000000e+00
0.000000000000000000e+00
8.904924107819029254e-08
1.690183424011452327e-10
2.863999378504572661e-15
2.659403767850712601e-20
1.946120969797487750e-26
0.000000000000000000e+00
0.000000000000000000e+00
0.000000000000000000e+00
0.000000000000000000e+00
0.000000000000000000e+00
5.314432843413196660e-09
4.433115342493102704e-14
7.011598856065120990e-20
2.144030204756612257e-26
5.453070630902791808e-34
0.000000000000000000e+00
0.000000000000000000e+00
0.000000000000000000e+00
0.000000000000000000e+00
1.290414731559669219e-07
4.865891650956288767e-11
3.716728258664447386e-17
1.534430123330129837e-23
1.220381487922666627e-31
8.066572976368907954e-40
0.000000000000000000e+00
0.000000000000000000e+00
0.000000000000000000e+00
4.258258076660189812e-08
6.435895948703122689e-09
9.312790900734315107e-13
5.110686878723938362e-20
9.998519294614154547e-29
4.607099216581597960e-37
7.520305751823225825e-47
0.000000000000000000e+00
0.000000000000000000e+00
6.931544472655971614e-12
2.223501411131884894e-09
1.171597103558826374e-09
6.372448839072777479e-16
8.913511926434028093e-25
7.581696313214430907e-35
1.905805959947180010e-45
1.085725505774150988e-55
