5.309076214637047375e-01
1.666509825980192760e-01
9.441024559387516113e-02
3.268334854419107094e-01
4.864301701772360542e-01
2.309349390586070468e-04
7.414359920543098226e-02
7.922349948020181998e-01
2.299269159406281890e-02
4.171356745116062276e-02
2.954170463141219116e-01
9.719504810777600257e-02
1.757471997593652857e-01
9.239969745662527170e-03
2.414680743737977753e-02
1.562182627578985374e-03
2.371423299107288662e-01
2.877343074309097193e-01
7.696558617760097809e-02
9.510314263465033946e-01
5.292199146083879091e-01
3.104033325164648124e-02
5.574083466702501460e-02
1.965622158100851710e-02
1.582492090855977807e-01
4.807301422929115969e-02
1.433981688912391028e-01
8.495423584528918534e-03
3.306323709964940254e-04
4.791066698586800565e-01
