3.200000000000000000e+01
3.600000000000000000e+01
3.600000000000000000e+01
3.300000000000000000e+01
3.800000000000000000e+01
3.900000000000000000e+01
3.900000000000000000e+01
3.900000000000000000e+01
4.100000000000000000e+01
4.200000000000000000e+01
4.200000000000000000e+01
4.500000000000000000e+01
4.500000000000000000e+01
4.500000000000000000e+01
4.700000000000000000e+01
4.900000000000000000e+01
5.200000000000000000e+01
5.300000000000000000e+01
5.800000000000000000e+01
5.900000000000000000e+01
6.000000000000000000e+01
6.100000000000000000e+01
6.000000000000000000e+01
6.200000000000000000e+01
6.100000000000000000e+01
6.300000000000000000e+01
6.400000000000000000e+01
6.400000000000000000e+01
6.400000000000000000e+01
6.600000000000000000e+01
6.800000000000000000e+01
6.700000000000000000e+01
6.600000000000000000e+01
6.800000000000000000e+01
7.200000000000000000e+01
7.400000000000000000e+01
7.400000000000000000e+01
7.400000000000000000e+01
7.400000000000000000e+01
7.900000000000000000e+01
7.800000000000000000e+01
7.500000000000000000e+01
8.000000000000000000e+01
8.100000000000000000e+01
8.500000000000000000e+01
8.600000000000000000e+01
8.800000000000000000e+01
8.900000000000000000e+01
8.900000000000000000e+01
9.300000000000000000e+01
9.400000000000000000e+01
9.400000000000000000e+01
9.300000000000000000e+01
9.700000000000000000e+01
9.800000000000000000e+01
9.400000000000000000e+01
9.800000000000000000e+01
1.020000000000000000e+02
1.030000000000000000e+02
1.020000000000000000e+02
1.030000000000000000e+02
1.060000000000000000e+02
1.090000000000000000e+02
1.100000000000000000e+02
1.130000000000000000e+02
1.180000000000000000e+02
1.180000000000000000e+02
1.170000000000000000e+02
1.220000000000000000e+02
1.270000000000000000e+02
1.300000000000000000e+02
1.350000000000000000e+02
1.380000000000000000e+02
1.410000000000000000e+02
1.370000000000000000e+02
1.450000000000000000e+02
1.470000000000000000e+02
1.470000000000000000e+02
1.530000000000000000e+02
1.560000000000000000e+02
1.600000000000000000e+02
1.600000000000000000e+02
1.670000000000000000e+02
1.650000000000000000e+02
1.650000000000000000e+02
1.720000000000000000e+02
1.710000000000000000e+02
1.710000000000000000e+02
1.780000000000000000e+02
1.760000000000000000e+02
1.760000000000000000e+02
1.880000000000000000e+02
1.850000000000000000e+02
1.920000000000000000e+02
1.960000000000000000e+02
1.930000000000000000e+02
2.070000000000000000e+02
2.100000000000000000e+02
2.140000000000000000e+02
2.180000000000000000e+02
2.190000000000000000e+02
2.220000000000000000e+02
2.290000000000000000e+02
2.280000000000000000e+02
2.340000000000000000e+02
2.340000000000000000e+02
2.460000000000000000e+02
2.460000000000000000e+02
2.420000000000000000e+02
2.500000000000000000e+02
2.570000000000000000e+02
2.570000000000000000e+02
2.650000000000000000e+02
2.680000000000000000e+02
2.740000000000000000e+02
2.690000000000000000e+02
2.780000000000000000e+02
2.810000000000000000e+02
2.740000000000000000e+02
2.800000000000000000e+02
2.880000000000000000e+02
2.850000000000000000e+02
2.840000000000000000e+02
2.930000000000000000e+02
3.020000000000000000e+02
2.950000000000000000e+02
3.000000000000000000e+02
3.030000000000000000e+02
3.130000000000000000e+02
3.150000000000000000e+02
3.140000000000000000e+02
3.210000000000000000e+02
3.240000000000000000e+02
3.250000000000000000e+02
3.340000000000000000e+02
3.270000000000000000e+02
3.180000000000000000e+02
3.270000000000000000e+02
3.230000000000000000e+02
3.490000000000000000e+02
3.530000000000000000e+02
3.490000000000000000e+02
3.470000000000000000e+02
3.570000000000000000e+02
3.610000000000000000e+02
3.720000000000000000e+02
3.690000000000000000e+02
3.780000000000000000e+02
3.820000000000000000e+02
3.790000000000000000e+02
3.820000000000000000e+02
3.810000000000000000e+02
3.910000000000000000e+02
3.900000000000000000e+02
4.030000000000000000e+02
3.980000000000000000e+02
3.950000000000000000e+02
4.210000000000000000e+02
4.240000000000000000e+02
4.260000000000000000e+02
4.190000000000000000e+02
4.290000000000000000e+02
4.430000000000000000e+02
4.470000000000000000e+02
4.630000000000000000e+02
4.750000000000000000e+02
4.750000000000000000e+02
4.820000000000000000e+02
4.830000000000000000e+02
4.780000000000000000e+02
4.880000000000000000e+02
5.060000000000000000e+02
5.120000000000000000e+02
5.130000000000000000e+02
5.120000000000000000e+02
5.140000000000000000e+02
5.240000000000000000e+02
5.470000000000000000e+02
5.530000000000000000e+02
5.320000000000000000e+02
5.630000000000000000e+02
5.650000000000000000e+02
5.600000000000000000e+02
5.700000000000000000e+02
5.470000000000000000e+02
5.800000000000000000e+02
5.890000000000000000e+02
5.970000000000000000e+02
5.960000000000000000e+02
6.200000000000000000e+02
6.350000000000000000e+02
6.470000000000000000e+02
6.490000000000000000e+02
6.600000000000000000e+02
6.770000000000000000e+02
6.830000000000000000e+02
6.830000000000000000e+02
7.050000000000000000e+02
7.060000000000000000e+02
7.210000000000000000e+02
7.130000000000000000e+02
7.320000000000000000e+02
7.100000000000000000e+02
7.290000000000000000e+02
7.290000000000000000e+02
7.520000000000000000e+02
7.490000000000000000e+02
7.500000000000000000e+02
7.810000000000000000e+02
7.770000000000000000e+02
7.830000000000000000e+02
7.810000000000000000e+02
7.760000000000000000e+02
7.770000000000000000e+02
7.920000000000000000e+02
7.960000000000000000e+02
7.890000000000000000e+02
7.880000000000000000e+02
8.130000000000000000e+02
8.270000000000000000e+02
8.460000000000000000e+02
8.270000000000000000e+02
8.170000000000000000e+02
8.430000000000000000e+02
8.490000000000000000e+02
8.410000000000000000e+02
8.460000000000000000e+02
8.520000000000000000e+02
8.490000000000000000e+02
8.400000000000000000e+02
8.710000000000000000e+02
8.620000000000000000e+02
8.790000000000000000e+02
8.740000000000000000e+02
8.740000000000000000e+02
8.720000000000000000e+02
8.980000000000000000e+02
9.000000000000000000e+02
9.210000000000000000e+02
9.570000000000000000e+02
9.570000000000000000e+02
9.530000000000000000e+02
9.270000000000000000e+02
9.710000000000000000e+02
9.770000000000000000e+02
9.790000000000000000e+02
9.780000000000000000e+02
9.730000000000000000e+02
9.900000000000000000e+02
1.008000000000000000e+03
1.012000000000000000e+03
1.017000000000000000e+03
1.032000000000000000e+03
1.026000000000000000e+03
1.043000000000000000e+03
1.022000000000000000e+03
1.039000000000000000e+03
1.029000000000000000e+03
1.031000000000000000e+03
1.041000000000000000e+03
1.042000000000000000e+03
1.065000000000000000e+03
1.063000000000000000e+03
1.067000000000000000e+03
1.102000000000000000e+03
1.092000000000000000e+03
1.099000000000000000e+03
1.131000000000000000e+03
1.098000000000000000e+03
1.107000000000000000e+03
1.119000000000000000e+03
1.144000000000000000e+03
1.120000000000000000e+03
1.134000000000000000e+03
1.136000000000000000e+03
1.091000000000000000e+03
1.129000000000000000e+03
1.154000000000000000e+03
1.147000000000000000e+03
1.197000000000000000e+03
1.124000000000000000e+03
1.164000000000000000e+03
1.167000000000000000e+03
1.163000000000000000e+03
1.203000000000000000e+03
1.182000000000000000e+03
1.184000000000000000e+03
1.219000000000000000e+03
1.247000000000000000e+03
1.216000000000000000e+03
1.219000000000000000e+03
1.222000000000000000e+03
1.246000000000000000e+03
1.245000000000000000e+03
1.279000000000000000e+03
1.255000000000000000e+03
1.247000000000000000e+03
1.243000000000000000e+03
1.247000000000000000e+03
1.244000000000000000e+03
1.254000000000000000e+03
1.272000000000000000e+03
1.287000000000000000e+03
1.311000000000000000e+03
1.280000000000000000e+03
1.266000000000000000e+03
1.277000000000000000e+03
1.283000000000000000e+03
1.283000000000000000e+03
1.268000000000000000e+03
1.261000000000000000e+03
1.285000000000000000e+03
1.288000000000000000e+03
1.280000000000000000e+03
1.274000000000000000e+03
1.255000000000000000e+03
1.326000000000000000e+03
1.305000000000000000e+03
1.315000000000000000e+03
1.336000000000000000e+03
1.317000000000000000e+03
1.376000000000000000e+03
1.348000000000000000e+03
1.324000000000000000e+03
1.325000000000000000e+03
1.333000000000000000e+03
1.330000000000000000e+03
1.341000000000000000e+03
1.360000000000000000e+03
1.400000000000000000e+03
1.376000000000000000e+03
1.370000000000000000e+03
1.389000000000000000e+03
1.402000000000000000e+03
1.396000000000000000e+03
1.423000000000000000e+03
1.383000000000000000e+03
1.420000000000000000e+03
1.424000000000000000e+03
1.325000000000000000e+03
1.342000000000000000e+03
1.343000000000000000e+03
1.355000000000000000e+03
1.354000000000000000e+03
1.375000000000000000e+03
1.372000000000000000e+03
1.377000000000000000e+03
1.374000000000000000e+03
1.408000000000000000e+03
1.382000000000000000e+03
1.376000000000000000e+03
1.368000000000000000e+03
1.400000000000000000e+03
1.368000000000000000e+03
1.411000000000000000e+03
1.458000000000000000e+03
1.472000000000000000e+03
1.453000000000000000e+03
1.481000000000000000e+03
1.487000000000000000e+03
1.491000000000000000e+03
1.456000000000000000e+03
1.453000000000000000e+03
1.478000000000000000e+03
1.461000000000000000e+03
1.410000000000000000e+03
1.425000000000000000e+03
1.422000000000000000e+03
1.420000000000000000e+03
1.448000000000000000e+03
1.461000000000000000e+03
1.468000000000000000e+03
1.451000000000000000e+03
1.422000000000000000e+03
1.446000000000000000e+03
1.453000000000000000e+03
1.475000000000000000e+03
1.452000000000000000e+03
1.456000000000000000e+03
1.427000000000000000e+03
1.389000000000000000e+03
1.418000000000000000e+03
1.422000000000000000e+03
1.411000000000000000e+03
1.412000000000000000e+03
1.441000000000000000e+03
1.427000000000000000e+03
1.433000000000000000e+03
1.459000000000000000e+03
1.454000000000000000e+03
1.451000000000000000e+03
1.432000000000000000e+03
1.435000000000000000e+03
1.421000000000000000e+03
1.427000000000000000e+03
1.457000000000000000e+03
1.469000000000000000e+03
1.440000000000000000e+03
1.454000000000000000e+03
1.438000000000000000e+03
1.442000000000000000e+03
1.438000000000000000e+03
1.461000000000000000e+03
1.463000000000000000e+03
1.439000000000000000e+03
1.432000000000000000e+03
1.473000000000000000e+03
1.442000000000000000e+03
1.503000000000000000e+03
1.466000000000000000e+03
1.437000000000000000e+03
1.445000000000000000e+03
1.434000000000000000e+03
1.506000000000000000e+03
1.420000000000000000e+03
1.442000000000000000e+03
1.430000000000000000e+03
1.416000000000000000e+03
1.403000000000000000e+03
1.401000000000000000e+03
1.442000000000000000e+03
1.466000000000000000e+03
1.504000000000000000e+03
1.466000000000000000e+03
1.462000000000000000e+03
1.486000000000000000e+03
1.485000000000000000e+03
1.525000000000000000e+03
1.425000000000000000e+03
1.470000000000000000e+03
1.573000000000000000e+03
1.524000000000000000e+03
1.522000000000000000e+03
1.468000000000000000e+03
1.503000000000000000e+03
1.537000000000000000e+03
1.480000000000000000e+03
1.494000000000000000e+03
1.486000000000000000e+03
1.431000000000000000e+03
1.445000000000000000e+03
1.457000000000000000e+03
1.449000000000000000e+03
1.416000000000000000e+03
1.436000000000000000e+03
1.453000000000000000e+03
1.442000000000000000e+03
1.477000000000000000e+03
1.488000000000000000e+03
1.531000000000000000e+03
1.486000000000000000e+03
1.501000000000000000e+03
1.511000000000000000e+03
1.530000000000000000e+03
1.509000000000000000e+03
1.498000000000000000e+03
1.541000000000000000e+03
1.503000000000000000e+03
1.489000000000000000e+03
1.497000000000000000e+03
1.544000000000000000e+03
1.566000000000000000e+03
1.490000000000000000e+03
1.476000000000000000e+03
1.480000000000000000e+03
1.471000000000000000e+03
1.516000000000000000e+03
1.472000000000000000e+03
1.441000000000000000e+03
1.462000000000000000e+03
1.470000000000000000e+03
1.467000000000000000e+03
1.508000000000000000e+03
1.438000000000000000e+03
1.457000000000000000e+03
1.450000000000000000e+03
1.445000000000000000e+03
1.462000000000000000e+03
1.569000000000000000e+03
1.453000000000000000e+03
1.487000000000000000e+03
1.483000000000000000e+03
1.496000000000000000e+03
1.443000000000000000e+03
1.517000000000000000e+03
1.480000000000000000e+03
1.521000000000000000e+03
1.477000000000000000e+03
1.451000000000000000e+03
1.457000000000000000e+03
1.392000000000000000e+03
1.430000000000000000e+03
1.564000000000000000e+03
1.403000000000000000e+03
1.464000000000000000e+03
1.402000000000000000e+03
1.478000000000000000e+03
1.473000000000000000e+03
1.495000000000000000e+03
1.523000000000000000e+03
